         Sample#               E               M           <eps>             <m>             C_V        Suscept.
               0            -800             400            -nan            -nan            -nan            -nan
             100            -592             288         -1.4044         0.73255         1.67504         1.76879
             200            -400              32         -1.2792        0.536325         2.38065           11.65
             300            -492            -232        -1.26757        0.517683         2.05322         10.6645
             400            -488              18         -1.2562        0.495537         1.76153         9.72034
             500            -424             112        -1.23804         0.44316         1.63062         10.0221
             600            -540             268         -1.2238        0.431975         1.75782         10.3334
             700            -488             222           -1.24        0.467936         1.80903         10.3772
             800            -468             116        -1.23667         0.46565         1.70731         9.84853
             900            -500             238        -1.23479        0.462039          1.6498         9.60477
            1000            -400             112        -1.23341         0.46702         1.56512         9.01489
            1100            -632             336        -1.22756        0.454373         1.57783          9.3272
            1200            -648             342        -1.23089        0.466558         1.57215         9.06275
            1300            -480             -96        -1.22657        0.454196         1.59043         9.55325
            1400            -520            -258        -1.22344        0.454164         1.54672         9.08816
            1500            -560            -290        -1.22635          0.4625         1.52158         8.79735
            1600            -648            -356        -1.23412        0.476775         1.54163         8.81264
            1700            -428            -160        -1.23828        0.484056         1.56177          8.6853
            1800            -476            -212        -1.24443        0.494681         1.57455         8.63593
            1900            -580            -308        -1.25062        0.502613          1.5768         8.43985
            2000            -440            -128        -1.25285        0.506232         1.66735         8.54982
            2100            -528            -194        -1.24841        0.500374         1.65773         8.39533
            2200            -488            -238        -1.24586          0.4963         1.62333         8.16013
            2300            -440            -220        -1.25157        0.504539         1.63426         8.13131
            2400            -484            -126        -1.25126        0.505219         1.61758         7.93903
            2500            -572             308        -1.25224        0.502616         1.61598         7.94996
            2600            -440             -22        -1.25362        0.503808         1.61396         7.95595
            2700            -472            -156        -1.25077        0.496859           1.587         8.03057
            2800            -600            -336         -1.2504        0.496193         1.57879         7.92631
            2900            -476             138         -1.2485        0.495769         1.58908         7.92158
            3000            -484             142        -1.24617        0.486867         1.56326         8.16835
            3100            -440             102        -1.24434        0.480279         1.54815         8.16934
            3200            -488             116        -1.24132        0.470089         1.53461         8.51129
            3300            -440              68        -1.24105        0.467612          1.5147         8.38338
            3400            -548             214        -1.23889        0.462215         1.50768         8.37724
            3500            -424             158        -1.23698        0.457064         1.49196         8.41824
            3600            -516             256        -1.23816        0.461001         1.48722         8.34792
            3700            -452              22        -1.24047        0.464266         1.53041          8.5164
            3800            -508             238        -1.24004        0.462826         1.52011         8.54682
            3900            -396             -40        -1.24136        0.464662         1.53067         8.60979
            4000            -456             206        -1.23905        0.462536         1.53069         8.53212
            4100            -468             154        -1.24161        0.467748         1.54592         8.56086
            4200            -456             120        -1.24034        0.464843         1.53794         8.50552
            4300            -548             298        -1.23859         0.46347         1.52691          8.4209
            4400            -504             188        -1.23835        0.462025         1.50513         8.35803
            4500            -416              44        -1.23794         0.46188         1.49785          8.3434
            4600            -432             -36         -1.2353        0.454158         1.50099         8.62638
            4700            -452              26        -1.23286        0.448072         1.50668         8.77664
            4800            -540             306        -1.23067        0.445219         1.51523         8.81124
            4900            -552             276         -1.2327        0.449915         1.51224         8.82969
            5000            -532             254        -1.23484        0.453922         1.52572          8.8631
            5100            -536             272        -1.23744        0.458496         1.53636         8.88944
            5200            -592             326        -1.24071        0.463477         1.57358         8.98535
            5300            -508             150        -1.24168         0.46581         1.57701         8.96414
            5400            -408             184        -1.24229        0.466931         1.56215          8.8407
            5500            -532             222        -1.24407        0.470098         1.57038          8.8289
            5600            -552             300        -1.24672        0.474758         1.58185         8.88714
            5700            -488             214        -1.24614        0.474976          1.5707         8.78302
            5800            -524             250        -1.24685        0.477158         1.55914         8.68759
            5900            -536             284        -1.24805        0.479581         1.55132         8.63352
            6000            -424             202        -1.24964        0.482648         1.56018          8.6294
            6100            -644             354        -1.25149        0.486348         1.56625         8.65584
            6200            -560             286        -1.25072         0.48595         1.56748         8.60791
            6300            -460             146         -1.2521        0.488754         1.57577         8.60529
            6400            -544            -280        -1.25075        0.486585         1.57477         8.58405
            6500            -488             -98        -1.25147        0.487765         1.57888         8.59186
            6600            -452               0        -1.25017         0.48297         1.57213         8.74134
            6700            -516            -290        -1.25009        0.483087          1.5727         8.71687
            6800            -488            -272        -1.25129        0.485735         1.56753         8.69702
            6900            -464             -70        -1.25025        0.483568         1.55948         8.68529
            7000            -428             -44        -1.24828        0.478375          1.5625         8.88493
            7100            -456              18        -1.24698        0.475061         1.55615         8.93616
            7200            -564            -250        -1.24565        0.471894         1.55156         9.00617
            7300            -416             -56          -1.245        0.471262         1.54879         8.95919
            7400            -532            -274        -1.24347        0.469195         1.54897          8.9566
            7500            -552            -294        -1.24469        0.471784         1.55076         8.93715
            7600            -496             -86        -1.24489        0.472822         1.54256         8.86698
            7700            -516             -86        -1.24362        0.469012         1.53876         8.95653
            7800            -532            -250        -1.24397        0.469823          1.5316         8.88922
            7900            -452             -20        -1.24353        0.467403         1.52752         8.95886
            8000            -484            -248         -1.2424        0.465065         1.52545         8.98455
            8100            -516            -128        -1.24287        0.466257         1.51858         8.94171
            8200            -512            -172        -1.24222        0.463238         1.51156         8.98411
            8300            -476             170        -1.24142        0.461158         1.50309         8.98274
            8400            -392            -130         -1.2403        0.458986         1.50074         8.98899
            8500            -412              62        -1.23967        0.456582         1.49325         9.00759
            8600            -508            -112        -1.23826        0.452617         1.49408         9.14788
            8700            -384             -76        -1.23632        0.450099         1.50616         9.17036
            8800            -472            -172        -1.23511        0.448257         1.50561         9.13364
            8900            -484             -62        -1.23437        0.445371         1.49665         9.18154
            9000            -468             206        -1.23314        0.442647         1.49447         9.23823
            9100            -472             148        -1.23282        0.443109          1.4856         9.16752
            9200            -520             144        -1.23277        0.443914         1.47664         9.09515
            9300            -520            -130        -1.23164        0.441647         1.47389         9.11174
            9400            -432             -76        -1.23053        0.438572         1.47284         9.17411
            9500            -552             290        -1.23106        0.439428         1.47198         9.18268
            9600            -496             178        -1.23158        0.440548         1.47283         9.14569
            9700            -464             192        -1.23215        0.441658         1.46581         9.08219
            9800            -480             238        -1.23266        0.442832         1.46846         9.05634
            9900            -496             242        -1.23378        0.444831         1.46823         9.03996
           10000            -580             300        -1.23397        0.445738         1.46403          9.0056
