              1.0000000000e-02              8.5092102237e-02
              2.0000000000e-02              1.6113583029e-01
              3.0000000000e-02              2.2899225082e-01
              4.0000000000e-02              2.8944048914e-01
              5.0000000000e-02              3.4318552700e-01
              6.0000000000e-02              3.9086525826e-01
              7.0000000000e-02              4.3305687316e-01
              8.0000000000e-02              4.7028263502e-01
              9.0000000000e-02              5.0301510725e-01
              1.0000000000e-01              5.3168188287e-01
              1.1000000000e-01              5.5666986408e-01
              1.2000000000e-01              5.7832913446e-01
              1.3000000000e-01              5.9697646271e-01
              1.4000000000e-01              6.1289847304e-01
              1.5000000000e-01              6.2635451373e-01
              1.6000000000e-01              6.3757925281e-01
              1.7000000000e-01              6.4678502672e-01
              1.8000000000e-01              6.5416396538e-01
              1.9000000000e-01              6.5988991517e-01
              2.0000000000e-01              6.6412017876e-01
              2.1000000000e-01              6.6699708951e-01
              2.2000000000e-01              6.6864943599e-01
              2.3000000000e-01              6.6919375088e-01
              2.4000000000e-01              6.6873547734e-01
              2.5000000000e-01              6.6737002426e-01
              2.6000000000e-01              6.6518372119e-01
              2.7000000000e-01              6.6225468235e-01
              2.8000000000e-01              6.5865358837e-01
              2.9000000000e-01              6.5444439377e-01
              3.0000000000e-01              6.4968496697e-01
              3.1000000000e-01              6.4442766949e-01
              3.2000000000e-01              6.3871987998e-01
              3.3000000000e-01              6.3260446843e-01
              3.4000000000e-01              6.2612022521e-01
              3.5000000000e-01              6.1930224929e-01
              3.6000000000e-01              6.1218229953e-01
              3.7000000000e-01              6.0478911255e-01
              3.8000000000e-01              5.9714869030e-01
              3.9000000000e-01              5.8928456034e-01
              4.0000000000e-01              5.8121801126e-01
              4.1000000000e-01              5.7296830579e-01
              4.2000000000e-01              5.6455287357e-01
              4.3000000000e-01              5.5598748558e-01
              4.4000000000e-01              5.4728641200e-01
              4.5000000000e-01              5.3846256503e-01
              4.6000000000e-01              5.2952762808e-01
              4.7000000000e-01              5.2049217278e-01
              4.8000000000e-01              5.1136576471e-01
              4.9000000000e-01              5.0215705917e-01
              5.0000000000e-01              4.9287388779e-01
              5.1000000000e-01              4.8352333695e-01
              5.2000000000e-01              4.7411181864e-01
              5.3000000000e-01              4.6464513469e-01
              5.4000000000e-01              4.5512853479e-01
              5.5000000000e-01              4.4556676909e-01
              5.6000000000e-01              4.3596413568e-01
              5.7000000000e-01              4.2632452362e-01
              5.8000000000e-01              4.1665145191e-01
              5.9000000000e-01              4.0694810466e-01
              6.0000000000e-01              3.9721736295e-01
              6.1000000000e-01              3.8746183373e-01
              6.2000000000e-01              3.7768387583e-01
              6.3000000000e-01              3.6788562362e-01
              6.4000000000e-01              3.5806900836e-01
              6.5000000000e-01              3.4823577753e-01
              6.6000000000e-01              3.3838751231e-01
              6.7000000000e-01              3.2852564341e-01
              6.8000000000e-01              3.1865146539e-01
              6.9000000000e-01              3.0876614961e-01
              7.0000000000e-01              2.9887075599e-01
              7.1000000000e-01              2.8896624354e-01
              7.2000000000e-01              2.7905348005e-01
              7.3000000000e-01              2.6913325069e-01
              7.4000000000e-01              2.5920626595e-01
              7.5000000000e-01              2.4927316868e-01
              7.6000000000e-01              2.3933454057e-01
              7.7000000000e-01              2.2939090794e-01
              7.8000000000e-01              2.1944274704e-01
              7.9000000000e-01              2.0949048879e-01
              8.0000000000e-01              1.9953452311e-01
              8.1000000000e-01              1.8957520280e-01
              8.2000000000e-01              1.7961284710e-01
              8.3000000000e-01              1.6964774486e-01
              8.4000000000e-01              1.5968015746e-01
              8.5000000000e-01              1.4971032138e-01
              8.6000000000e-01              1.3973845061e-01
              8.7000000000e-01              1.2976473879e-01
              8.8000000000e-01              1.1978936111e-01
              8.9000000000e-01              1.0981247611e-01
              9.0000000000e-01              9.9834227207e-02
              9.1000000000e-01              8.9854744210e-02
              9.2000000000e-01              7.9874144555e-02
              9.3000000000e-01              6.9892534506e-02
              9.4000000000e-01              5.9910010215e-02
              9.5000000000e-01              4.9926658683e-02
              9.6000000000e-01              3.9942558633e-02
              9.7000000000e-01              2.9957781296e-02
              9.8000000000e-01              1.9972391124e-02
              9.9000000000e-01              9.9864464352e-03
