              1.0000000000e-03              8.9501370660e-03
              2.0000000000e-03              1.7801269149e-02
              3.0000000000e-03              2.6554381364e-02
              4.0000000000e-03              3.5210449026e-02
              5.0000000000e-03              4.3770437744e-02
              6.0000000000e-03              5.2235303520e-02
              7.0000000000e-03              6.0605992842e-02
              8.0000000000e-03              6.8883442782e-02
              9.0000000000e-03              7.7068581088e-02
              1.0000000000e-02              8.5162326275e-02
              1.1000000000e-02              9.3165587720e-02
              1.2000000000e-02              1.0107926575e-01
              1.3000000000e-02              1.0890425174e-01
              1.4000000000e-02              1.1664142819e-01
              1.5000000000e-02              1.2429166881e-01
              1.6000000000e-02              1.3185583863e-01
              1.7000000000e-02              1.3933479408e-01
              1.8000000000e-02              1.4672938304e-01
              1.9000000000e-02              1.5404044498e-01
              2.0000000000e-02              1.6126881101e-01
              2.1000000000e-02              1.6841530396e-01
              2.2000000000e-02              1.7548073849e-01
              2.3000000000e-02              1.8246592114e-01
              2.4000000000e-02              1.8937165043e-01
              2.5000000000e-02              1.9619871693e-01
              2.6000000000e-02              2.0294790336e-01
              2.7000000000e-02              2.0961998462e-01
              2.8000000000e-02              2.1621572794e-01
              2.9000000000e-02              2.2273589288e-01
              3.0000000000e-02              2.2918123147e-01
              3.1000000000e-02              2.3555248823e-01
              3.2000000000e-02              2.4185040030e-01
              3.3000000000e-02              2.4807569746e-01
              3.4000000000e-02              2.5422910225e-01
              3.5000000000e-02              2.6031133001e-01
              3.6000000000e-02              2.6632308896e-01
              3.7000000000e-02              2.7226508028e-01
              3.8000000000e-02              2.7813799816e-01
              3.9000000000e-02              2.8394252990e-01
              4.0000000000e-02              2.8967935596e-01
              4.1000000000e-02              2.9534915001e-01
              4.2000000000e-02              3.0095257904e-01
              4.3000000000e-02              3.0649030338e-01
              4.4000000000e-02              3.1196297681e-01
              4.5000000000e-02              3.1737124661e-01
              4.6000000000e-02              3.2271575358e-01
              4.7000000000e-02              3.2799713220e-01
              4.8000000000e-02              3.3321601058e-01
              4.9000000000e-02              3.3837301063e-01
              5.0000000000e-02              3.4346874803e-01
              5.1000000000e-02              3.4850383238e-01
              5.2000000000e-02              3.5347886716e-01
              5.3000000000e-02              3.5839444989e-01
              5.4000000000e-02              3.6325117212e-01
              5.5000000000e-02              3.6804961953e-01
              5.6000000000e-02              3.7279037195e-01
              5.7000000000e-02              3.7747400347e-01
              5.8000000000e-02              3.8210108244e-01
              5.9000000000e-02              3.8667217158e-01
              6.0000000000e-02              3.9118782799e-01
              6.1000000000e-02              3.9564860324e-01
              6.2000000000e-02              4.0005504340e-01
              6.3000000000e-02              4.0440768911e-01
              6.4000000000e-02              4.0870707565e-01
              6.5000000000e-02              4.1295373294e-01
              6.6000000000e-02              4.1714818566e-01
              6.7000000000e-02              4.2129095324e-01
              6.8000000000e-02              4.2538254996e-01
              6.9000000000e-02              4.2942348499e-01
              7.0000000000e-02              4.3341426241e-01
              7.1000000000e-02              4.3735538129e-01
              7.2000000000e-02              4.4124733576e-01
              7.3000000000e-02              4.4509061500e-01
              7.4000000000e-02              4.4888570335e-01
              7.5000000000e-02              4.5263308030e-01
              7.6000000000e-02              4.5633322060e-01
              7.7000000000e-02              4.5998659425e-01
              7.8000000000e-02              4.6359366660e-01
              7.9000000000e-02              4.6715489834e-01
              8.0000000000e-02              4.7067074561e-01
              8.1000000000e-02              4.7414165998e-01
              8.2000000000e-02              4.7756808854e-01
              8.3000000000e-02              4.8095047394e-01
              8.4000000000e-02              4.8428925441e-01
              8.5000000000e-02              4.8758486382e-01
              8.6000000000e-02              4.9083773175e-01
              8.7000000000e-02              4.9404828346e-01
              8.8000000000e-02              4.9721694002e-01
              8.9000000000e-02              5.0034411829e-01
              9.0000000000e-02              5.0343023099e-01
              9.1000000000e-02              5.0647568672e-01
              9.2000000000e-02              5.0948089002e-01
              9.3000000000e-02              5.1244624142e-01
              9.4000000000e-02              5.1537213745e-01
              9.5000000000e-02              5.1825897070e-01
              9.6000000000e-02              5.2110712984e-01
              9.7000000000e-02              5.2391699970e-01
              9.8000000000e-02              5.2668896125e-01
              9.9000000000e-02              5.2942339169e-01
              1.0000000000e-01              5.3212066447e-01
              1.0100000000e-01              5.3478114930e-01
              1.0200000000e-01              5.3740521223e-01
              1.0300000000e-01              5.3999321567e-01
              1.0400000000e-01              5.4254551841e-01
              1.0500000000e-01              5.4506247568e-01
              1.0600000000e-01              5.4754443918e-01
              1.0700000000e-01              5.4999175709e-01
              1.0800000000e-01              5.5240477416e-01
              1.0900000000e-01              5.5478383167e-01
              1.1000000000e-01              5.5712926753e-01
              1.1100000000e-01              5.5944141629e-01
              1.1200000000e-01              5.6172060915e-01
              1.1300000000e-01              5.6396717403e-01
              1.1400000000e-01              5.6618143558e-01
              1.1500000000e-01              5.6836371523e-01
              1.1600000000e-01              5.7051433121e-01
              1.1700000000e-01              5.7263359856e-01
              1.1800000000e-01              5.7472182923e-01
              1.1900000000e-01              5.7677933201e-01
              1.2000000000e-01              5.7880641268e-01
              1.2100000000e-01              5.8080337392e-01
              1.2200000000e-01              5.8277051543e-01
              1.2300000000e-01              5.8470813393e-01
              1.2400000000e-01              5.8661652316e-01
              1.2500000000e-01              5.8849597398e-01
              1.2600000000e-01              5.9034677432e-01
              1.2700000000e-01              5.9216920925e-01
              1.2800000000e-01              5.9396356102e-01
              1.2900000000e-01              5.9573010907e-01
              1.3000000000e-01              5.9746913003e-01
              1.3100000000e-01              5.9918089782e-01
              1.3200000000e-01              6.0086568359e-01
              1.3300000000e-01              6.0252375584e-01
              1.3400000000e-01              6.0415538037e-01
              1.3500000000e-01              6.0576082032e-01
              1.3600000000e-01              6.0734033625e-01
              1.3700000000e-01              6.0889418610e-01
              1.3800000000e-01              6.1042262526e-01
              1.3900000000e-01              6.1192590656e-01
              1.4000000000e-01              6.1340428033e-01
              1.4100000000e-01              6.1485799440e-01
              1.4200000000e-01              6.1628729415e-01
              1.4300000000e-01              6.1769242249e-01
              1.4400000000e-01              6.1907361994e-01
              1.4500000000e-01              6.2043112462e-01
              1.4600000000e-01              6.2176517227e-01
              1.4700000000e-01              6.2307599629e-01
              1.4800000000e-01              6.2436382776e-01
              1.4900000000e-01              6.2562889546e-01
              1.5000000000e-01              6.2687142590e-01
              1.5100000000e-01              6.2809164332e-01
              1.5200000000e-01              6.2928976974e-01
              1.5300000000e-01              6.3046602497e-01
              1.5400000000e-01              6.3162062664e-01
              1.5500000000e-01              6.3275379020e-01
              1.5600000000e-01              6.3386572896e-01
              1.5700000000e-01              6.3495665411e-01
              1.5800000000e-01              6.3602677474e-01
              1.5900000000e-01              6.3707629787e-01
              1.6000000000e-01              6.3810542843e-01
              1.6100000000e-01              6.3911436934e-01
              1.6200000000e-01              6.4010332149e-01
              1.6300000000e-01              6.4107248377e-01
              1.6400000000e-01              6.4202205310e-01
              1.6500000000e-01              6.4295222441e-01
              1.6600000000e-01              6.4386319074e-01
              1.6700000000e-01              6.4475514317e-01
              1.6800000000e-01              6.4562827090e-01
              1.6900000000e-01              6.4648276122e-01
              1.7000000000e-01              6.4731879959e-01
              1.7100000000e-01              6.4813656961e-01
              1.7200000000e-01              6.4893625306e-01
              1.7300000000e-01              6.4971802988e-01
              1.7400000000e-01              6.5048207827e-01
              1.7500000000e-01              6.5122857461e-01
              1.7600000000e-01              6.5195769357e-01
              1.7700000000e-01              6.5266960803e-01
              1.7800000000e-01              6.5336448920e-01
              1.7900000000e-01              6.5404250655e-01
              1.8000000000e-01              6.5470382788e-01
              1.8100000000e-01              6.5534861933e-01
              1.8200000000e-01              6.5597704536e-01
              1.8300000000e-01              6.5658926882e-01
              1.8400000000e-01              6.5718545092e-01
              1.8500000000e-01              6.5776575127e-01
              1.8600000000e-01              6.5833032791e-01
              1.8700000000e-01              6.5887933729e-01
              1.8800000000e-01              6.5941293430e-01
              1.8900000000e-01              6.5993127230e-01
              1.9000000000e-01              6.6043450312e-01
              1.9100000000e-01              6.6092277708e-01
              1.9200000000e-01              6.6139624300e-01
              1.9300000000e-01              6.6185504823e-01
              1.9400000000e-01              6.6229933863e-01
              1.9500000000e-01              6.6272925864e-01
              1.9600000000e-01              6.6314495124e-01
              1.9700000000e-01              6.6354655800e-01
              1.9800000000e-01              6.6393421907e-01
              1.9900000000e-01              6.6430807322e-01
              2.0000000000e-01              6.6466825783e-01
              2.0100000000e-01              6.6501490891e-01
              2.0200000000e-01              6.6534816112e-01
              2.0300000000e-01              6.6566814778e-01
              2.0400000000e-01              6.6597500090e-01
              2.0500000000e-01              6.6626885114e-01
              2.0600000000e-01              6.6654982789e-01
              2.0700000000e-01              6.6681805924e-01
              2.0800000000e-01              6.6707367202e-01
              2.0900000000e-01              6.6731679178e-01
              2.1000000000e-01              6.6754754282e-01
              2.1100000000e-01              6.6776604822e-01
              2.1200000000e-01              6.6797242982e-01
              2.1300000000e-01              6.6816680826e-01
              2.1400000000e-01              6.6834930297e-01
              2.1500000000e-01              6.6852003219e-01
              2.1600000000e-01              6.6867911300e-01
              2.1700000000e-01              6.6882666130e-01
              2.1800000000e-01              6.6896279184e-01
              2.1900000000e-01              6.6908761822e-01
              2.2000000000e-01              6.6920125293e-01
              2.2100000000e-01              6.6930380732e-01
              2.2200000000e-01              6.6939539165e-01
              2.2300000000e-01              6.6947611506e-01
              2.2400000000e-01              6.6954608564e-01
              2.2500000000e-01              6.6960541036e-01
              2.2600000000e-01              6.6965419516e-01
              2.2700000000e-01              6.6969254491e-01
              2.2800000000e-01              6.6972056345e-01
              2.2900000000e-01              6.6973835356e-01
              2.3000000000e-01              6.6974601703e-01
              2.3100000000e-01              6.6974365461e-01
              2.3200000000e-01              6.6973136607e-01
              2.3300000000e-01              6.6970925017e-01
              2.3400000000e-01              6.6967740469e-01
              2.3500000000e-01              6.6963592645e-01
              2.3600000000e-01              6.6958491129e-01
              2.3700000000e-01              6.6952445412e-01
              2.3800000000e-01              6.6945464887e-01
              2.3900000000e-01              6.6937558856e-01
              2.4000000000e-01              6.6928736528e-01
              2.4100000000e-01              6.6919007021e-01
              2.4200000000e-01              6.6908379361e-01
              2.4300000000e-01              6.6896862484e-01
              2.4400000000e-01              6.6884465240e-01
              2.4500000000e-01              6.6871196387e-01
              2.4600000000e-01              6.6857064597e-01
              2.4700000000e-01              6.6842078459e-01
              2.4800000000e-01              6.6826246472e-01
              2.4900000000e-01              6.6809577052e-01
              2.5000000000e-01              6.6792078533e-01
              2.5100000000e-01              6.6773759164e-01
              2.5200000000e-01              6.6754627113e-01
              2.5300000000e-01              6.6734690465e-01
              2.5400000000e-01              6.6713957228e-01
              2.5500000000e-01              6.6692435326e-01
              2.5600000000e-01              6.6670132608e-01
              2.5700000000e-01              6.6647056842e-01
              2.5800000000e-01              6.6623215721e-01
              2.5900000000e-01              6.6598616859e-01
              2.6000000000e-01              6.6573267798e-01
              2.6100000000e-01              6.6547176000e-01
              2.6200000000e-01              6.6520348857e-01
              2.6300000000e-01              6.6492793686e-01
              2.6400000000e-01              6.6464517730e-01
              2.6500000000e-01              6.6435528161e-01
              2.6600000000e-01              6.6405832080e-01
              2.6700000000e-01              6.6375436517e-01
              2.6800000000e-01              6.6344348431e-01
              2.6900000000e-01              6.6312574714e-01
              2.7000000000e-01              6.6280122188e-01
              2.7100000000e-01              6.6246997606e-01
              2.7200000000e-01              6.6213207657e-01
              2.7300000000e-01              6.6178758960e-01
              2.7400000000e-01              6.6143658070e-01
              2.7500000000e-01              6.6107911476e-01
              2.7600000000e-01              6.6071525604e-01
              2.7700000000e-01              6.6034506814e-01
              2.7800000000e-01              6.5996861405e-01
              2.7900000000e-01              6.5958595610e-01
              2.8000000000e-01              6.5919715603e-01
              2.8100000000e-01              6.5880227495e-01
              2.8200000000e-01              6.5840137337e-01
              2.8300000000e-01              6.5799451120e-01
              2.8400000000e-01              6.5758174775e-01
              2.8500000000e-01              6.5716314173e-01
              2.8600000000e-01              6.5673875127e-01
              2.8700000000e-01              6.5630863394e-01
              2.8800000000e-01              6.5587284672e-01
              2.8900000000e-01              6.5543144602e-01
              2.9000000000e-01              6.5498448770e-01
              2.9100000000e-01              6.5453202706e-01
              2.9200000000e-01              6.5407411884e-01
              2.9300000000e-01              6.5361081726e-01
              2.9400000000e-01              6.5314217597e-01
              2.9500000000e-01              6.5266824811e-01
              2.9600000000e-01              6.5218908628e-01
              2.9700000000e-01              6.5170474256e-01
              2.9800000000e-01              6.5121526850e-01
              2.9900000000e-01              6.5072071516e-01
              3.0000000000e-01              6.5022113308e-01
              3.0100000000e-01              6.4971657230e-01
              3.0200000000e-01              6.4920708234e-01
              3.0300000000e-01              6.4869271226e-01
              3.0400000000e-01              6.4817351062e-01
              3.0500000000e-01              6.4764952549e-01
              3.0600000000e-01              6.4712080447e-01
              3.0700000000e-01              6.4658739467e-01
              3.0800000000e-01              6.4604934277e-01
              3.0900000000e-01              6.4550669493e-01
              3.1000000000e-01              6.4495949690e-01
              3.1100000000e-01              6.4440779395e-01
              3.1200000000e-01              6.4385163091e-01
              3.1300000000e-01              6.4329105215e-01
              3.1400000000e-01              6.4272610161e-01
              3.1500000000e-01              6.4215682279e-01
              3.1600000000e-01              6.4158325875e-01
              3.1700000000e-01              6.4100545214e-01
              3.1800000000e-01              6.4042344518e-01
              3.1900000000e-01              6.3983727964e-01
              3.2000000000e-01              6.3924699692e-01
              3.2100000000e-01              6.3865263798e-01
              3.2200000000e-01              6.3805424338e-01
              3.2300000000e-01              6.3745185327e-01
              3.2400000000e-01              6.3684550741e-01
              3.2500000000e-01              6.3623524517e-01
              3.2600000000e-01              6.3562110550e-01
              3.2700000000e-01              6.3500312699e-01
              3.2800000000e-01              6.3438134784e-01
              3.2900000000e-01              6.3375580586e-01
              3.3000000000e-01              6.3312653850e-01
              3.3100000000e-01              6.3249358283e-01
              3.3200000000e-01              6.3185697553e-01
              3.3300000000e-01              6.3121675295e-01
              3.3400000000e-01              6.3057295106e-01
              3.3500000000e-01              6.2992560548e-01
              3.3600000000e-01              6.2927475146e-01
              3.3700000000e-01              6.2862042391e-01
              3.3800000000e-01              6.2796265740e-01
              3.3900000000e-01              6.2730148615e-01
              3.4000000000e-01              6.2663694402e-01
              3.4100000000e-01              6.2596906457e-01
              3.4200000000e-01              6.2529788100e-01
              3.4300000000e-01              6.2462342619e-01
              3.4400000000e-01              6.2394573268e-01
              3.4500000000e-01              6.2326483271e-01
              3.4600000000e-01              6.2258075817e-01
              3.4700000000e-01              6.2189354065e-01
              3.4800000000e-01              6.2120321143e-01
              3.4900000000e-01              6.2050980147e-01
              3.5000000000e-01              6.1981334142e-01
              3.5100000000e-01              6.1911386164e-01
              3.5200000000e-01              6.1841139216e-01
              3.5300000000e-01              6.1770596274e-01
              3.5400000000e-01              6.1699760283e-01
              3.5500000000e-01              6.1628634158e-01
              3.5600000000e-01              6.1557220788e-01
              3.5700000000e-01              6.1485523028e-01
              3.5800000000e-01              6.1413543711e-01
              3.5900000000e-01              6.1341285636e-01
              3.6000000000e-01              6.1268751578e-01
              3.6100000000e-01              6.1195944283e-01
              3.6200000000e-01              6.1122866469e-01
              3.6300000000e-01              6.1049520829e-01
              3.6400000000e-01              6.0975910027e-01
              3.6500000000e-01              6.0902036701e-01
              3.6600000000e-01              6.0827903464e-01
              3.6700000000e-01              6.0753512902e-01
              3.6800000000e-01              6.0678867575e-01
              3.6900000000e-01              6.0603970018e-01
              3.7000000000e-01              6.0528822742e-01
              3.7100000000e-01              6.0453428230e-01
              3.7200000000e-01              6.0377788943e-01
              3.7300000000e-01              6.0301907316e-01
              3.7400000000e-01              6.0225785761e-01
              3.7500000000e-01              6.0149426665e-01
              3.7600000000e-01              6.0072832391e-01
              3.7700000000e-01              5.9996005280e-01
              3.7800000000e-01              5.9918947649e-01
              3.7900000000e-01              5.9841661790e-01
              3.8000000000e-01              5.9764149975e-01
              3.8100000000e-01              5.9686414453e-01
              3.8200000000e-01              5.9608457449e-01
              3.8300000000e-01              5.9530281167e-01
              3.8400000000e-01              5.9451887789e-01
              3.8500000000e-01              5.9373279474e-01
              3.8600000000e-01              5.9294458363e-01
              3.8700000000e-01              5.9215426571e-01
              3.8800000000e-01              5.9136186196e-01
              3.8900000000e-01              5.9056739312e-01
              3.9000000000e-01              5.8977087975e-01
              3.9100000000e-01              5.8897234219e-01
              3.9200000000e-01              5.8817180058e-01
              3.9300000000e-01              5.8736927486e-01
              3.9400000000e-01              5.8656478477e-01
              3.9500000000e-01              5.8575834986e-01
              3.9600000000e-01              5.8494998948e-01
              3.9700000000e-01              5.8413972279e-01
              3.9800000000e-01              5.8332756875e-01
              3.9900000000e-01              5.8251354616e-01
              4.0000000000e-01              5.8169767359e-01
              4.0100000000e-01              5.8087996945e-01
              4.0200000000e-01              5.8006045198e-01
              4.0300000000e-01              5.7923913921e-01
              4.0400000000e-01              5.7841604901e-01
              4.0500000000e-01              5.7759119906e-01
              4.0600000000e-01              5.7676460687e-01
              4.0700000000e-01              5.7593628978e-01
              4.0800000000e-01              5.7510626495e-01
              4.0900000000e-01              5.7427454938e-01
              4.1000000000e-01              5.7344115988e-01
              4.1100000000e-01              5.7260611311e-01
              4.1200000000e-01              5.7176942557e-01
              4.1300000000e-01              5.7093111357e-01
              4.1400000000e-01              5.7009119329e-01
              4.1500000000e-01              5.6924968072e-01
              4.1600000000e-01              5.6840659171e-01
              4.1700000000e-01              5.6756194195e-01
              4.1800000000e-01              5.6671574696e-01
              4.1900000000e-01              5.6586802211e-01
              4.2000000000e-01              5.6501878264e-01
              4.2100000000e-01              5.6416804362e-01
              4.2200000000e-01              5.6331581995e-01
              4.2300000000e-01              5.6246212642e-01
              4.2400000000e-01              5.6160697765e-01
              4.2500000000e-01              5.6075038813e-01
              4.2600000000e-01              5.5989237217e-01
              4.2700000000e-01              5.5903294399e-01
              4.2800000000e-01              5.5817211763e-01
              4.2900000000e-01              5.5730990701e-01
              4.3000000000e-01              5.5644632589e-01
              4.3100000000e-01              5.5558138792e-01
              4.3200000000e-01              5.5471510659e-01
              4.3300000000e-01              5.5384749527e-01
              4.3400000000e-01              5.5297856720e-01
              4.3500000000e-01              5.5210833547e-01
              4.3600000000e-01              5.5123681306e-01
              4.3700000000e-01              5.5036401282e-01
              4.3800000000e-01              5.4948994745e-01
              4.3900000000e-01              5.4861462954e-01
              4.4000000000e-01              5.4773807157e-01
              4.4100000000e-01              5.4686028585e-01
              4.4200000000e-01              5.4598128462e-01
              4.4300000000e-01              5.4510107997e-01
              4.4400000000e-01              5.4421968387e-01
              4.4500000000e-01              5.4333710817e-01
              4.4600000000e-01              5.4245336462e-01
              4.4700000000e-01              5.4156846483e-01
              4.4800000000e-01              5.4068242031e-01
              4.4900000000e-01              5.3979524245e-01
              4.5000000000e-01              5.3890694252e-01
              4.5100000000e-01              5.3801753170e-01
              4.5200000000e-01              5.3712702103e-01
              4.5300000000e-01              5.3623542145e-01
              4.5400000000e-01              5.3534274381e-01
              4.5500000000e-01              5.3444899883e-01
              4.5600000000e-01              5.3355419712e-01
              4.5700000000e-01              5.3265834922e-01
              4.5800000000e-01              5.3176146551e-01
              4.5900000000e-01              5.3086355632e-01
              4.6000000000e-01              5.2996463184e-01
              4.6100000000e-01              5.2906470217e-01
              4.6200000000e-01              5.2816377733e-01
              4.6300000000e-01              5.2726186720e-01
              4.6400000000e-01              5.2635898160e-01
              4.6500000000e-01              5.2545513023e-01
              4.6600000000e-01              5.2455032270e-01
              4.6700000000e-01              5.2364456852e-01
              4.6800000000e-01              5.2273787712e-01
              4.6900000000e-01              5.2183025781e-01
              4.7000000000e-01              5.2092171984e-01
              4.7100000000e-01              5.2001227233e-01
              4.7200000000e-01              5.1910192435e-01
              4.7300000000e-01              5.1819068486e-01
              4.7400000000e-01              5.1727856271e-01
              4.7500000000e-01              5.1636556670e-01
              4.7600000000e-01              5.1545170552e-01
              4.7700000000e-01              5.1453698778e-01
              4.7800000000e-01              5.1362142201e-01
              4.7900000000e-01              5.1270501663e-01
              4.8000000000e-01              5.1178778000e-01
              4.8100000000e-01              5.1086972041e-01
              4.8200000000e-01              5.0995084602e-01
              4.8300000000e-01              5.0903116496e-01
              4.8400000000e-01              5.0811068524e-01
              4.8500000000e-01              5.0718941482e-01
              4.8600000000e-01              5.0626736157e-01
              4.8700000000e-01              5.0534453326e-01
              4.8800000000e-01              5.0442093762e-01
              4.8900000000e-01              5.0349658227e-01
              4.9000000000e-01              5.0257147478e-01
              4.9100000000e-01              5.0164562264e-01
              4.9200000000e-01              5.0071903325e-01
              4.9300000000e-01              4.9979171394e-01
              4.9400000000e-01              4.9886367198e-01
              4.9500000000e-01              4.9793491456e-01
              4.9600000000e-01              4.9700544881e-01
              4.9700000000e-01              4.9607528176e-01
              4.9800000000e-01              4.9514442039e-01
              4.9900000000e-01              4.9421287162e-01
              5.0000000000e-01              4.9328064228e-01
              5.0100000000e-01              4.9234773915e-01
              5.0200000000e-01              4.9141416892e-01
              5.0300000000e-01              4.9047993825e-01
              5.0400000000e-01              4.8954505369e-01
              5.0500000000e-01              4.8860952176e-01
              5.0600000000e-01              4.8767334889e-01
              5.0700000000e-01              4.8673654147e-01
              5.0800000000e-01              4.8579910581e-01
              5.0900000000e-01              4.8486104815e-01
              5.1000000000e-01              4.8392237470e-01
              5.1100000000e-01              4.8298309157e-01
              5.1200000000e-01              4.8204320483e-01
              5.1300000000e-01              4.8110272049e-01
              5.1400000000e-01              4.8016164449e-01
              5.1500000000e-01              4.7921998272e-01
              5.1600000000e-01              4.7827774102e-01
              5.1700000000e-01              4.7733492514e-01
              5.1800000000e-01              4.7639154081e-01
              5.1900000000e-01              4.7544759367e-01
              5.2000000000e-01              4.7450308934e-01
              5.2100000000e-01              4.7355803335e-01
              5.2200000000e-01              4.7261243119e-01
              5.2300000000e-01              4.7166628829e-01
              5.2400000000e-01              4.7071961005e-01
              5.2500000000e-01              4.6977240178e-01
              5.2600000000e-01              4.6882466876e-01
              5.2700000000e-01              4.6787641621e-01
              5.2800000000e-01              4.6692764929e-01
              5.2900000000e-01              4.6597837314e-01
              5.3000000000e-01              4.6502859280e-01
              5.3100000000e-01              4.6407831331e-01
              5.3200000000e-01              4.6312753963e-01
              5.3300000000e-01              4.6217627667e-01
              5.3400000000e-01              4.6122452930e-01
              5.3500000000e-01              4.6027230235e-01
              5.3600000000e-01              4.5931960058e-01
              5.3700000000e-01              4.5836642872e-01
              5.3800000000e-01              4.5741279145e-01
              5.3900000000e-01              4.5645869339e-01
              5.4000000000e-01              4.5550413914e-01
              5.4100000000e-01              4.5454913323e-01
              5.4200000000e-01              4.5359368015e-01
              5.4300000000e-01              4.5263778436e-01
              5.4400000000e-01              4.5168145027e-01
              5.4500000000e-01              4.5072468222e-01
              5.4600000000e-01              4.4976748454e-01
              5.4700000000e-01              4.4880986151e-01
              5.4800000000e-01              4.4785181735e-01
              5.4900000000e-01              4.4689335626e-01
              5.5000000000e-01              4.4593448239e-01
              5.5100000000e-01              4.4497519984e-01
              5.5200000000e-01              4.4401551268e-01
              5.5300000000e-01              4.4305542493e-01
              5.5400000000e-01              4.4209494059e-01
              5.5500000000e-01              4.4113406359e-01
              5.5600000000e-01              4.4017279784e-01
              5.5700000000e-01              4.3921114722e-01
              5.5800000000e-01              4.3824911555e-01
              5.5900000000e-01              4.3728670663e-01
              5.6000000000e-01              4.3632392420e-01
              5.6100000000e-01              4.3536077198e-01
              5.6200000000e-01              4.3439725366e-01
              5.6300000000e-01              4.3343337288e-01
              5.6400000000e-01              4.3246913323e-01
              5.6500000000e-01              4.3150453830e-01
              5.6600000000e-01              4.3053959162e-01
              5.6700000000e-01              4.2957429669e-01
              5.6800000000e-01              4.2860865697e-01
              5.6900000000e-01              4.2764267589e-01
              5.7000000000e-01              4.2667635685e-01
              5.7100000000e-01              4.2570970322e-01
              5.7200000000e-01              4.2474271832e-01
              5.7300000000e-01              4.2377540545e-01
              5.7400000000e-01              4.2280776787e-01
              5.7500000000e-01              4.2183980882e-01
              5.7600000000e-01              4.2087153149e-01
              5.7700000000e-01              4.1990293904e-01
              5.7800000000e-01              4.1893403462e-01
              5.7900000000e-01              4.1796482133e-01
              5.8000000000e-01              4.1699530224e-01
              5.8100000000e-01              4.1602548040e-01
              5.8200000000e-01              4.1505535881e-01
              5.8300000000e-01              4.1408494046e-01
              5.8400000000e-01              4.1311422830e-01
              5.8500000000e-01              4.1214322526e-01
              5.8600000000e-01              4.1117193423e-01
              5.8700000000e-01              4.1020035808e-01
              5.8800000000e-01              4.0922849963e-01
              5.8900000000e-01              4.0825636171e-01
              5.9000000000e-01              4.0728394710e-01
              5.9100000000e-01              4.0631125853e-01
              5.9200000000e-01              4.0533829875e-01
              5.9300000000e-01              4.0436507045e-01
              5.9400000000e-01              4.0339157630e-01
              5.9500000000e-01              4.0241781895e-01
              5.9600000000e-01              4.0144380101e-01
              5.9700000000e-01              4.0046952508e-01
              5.9800000000e-01              3.9949499373e-01
              5.9900000000e-01              3.9852020949e-01
              6.0000000000e-01              3.9754517489e-01
              6.0100000000e-01              3.9656989242e-01
              6.0200000000e-01              3.9559436453e-01
              6.0300000000e-01              3.9461859368e-01
              6.0400000000e-01              3.9364258228e-01
              6.0500000000e-01              3.9266633272e-01
              6.0600000000e-01              3.9168984738e-01
              6.0700000000e-01              3.9071312859e-01
              6.0800000000e-01              3.8973617869e-01
              6.0900000000e-01              3.8875899997e-01
              6.1000000000e-01              3.8778159471e-01
              6.1100000000e-01              3.8680396517e-01
              6.1200000000e-01              3.8582611357e-01
              6.1300000000e-01              3.8484804212e-01
              6.1400000000e-01              3.8386975301e-01
              6.1500000000e-01              3.8289124842e-01
              6.1600000000e-01              3.8191253047e-01
              6.1700000000e-01              3.8093360130e-01
              6.1800000000e-01              3.7995446300e-01
              6.1900000000e-01              3.7897511767e-01
              6.2000000000e-01              3.7799556735e-01
              6.2100000000e-01              3.7701581408e-01
              6.2200000000e-01              3.7603585990e-01
              6.2300000000e-01              3.7505570678e-01
              6.2400000000e-01              3.7407535673e-01
              6.2500000000e-01              3.7309481169e-01
              6.2600000000e-01              3.7211407360e-01
              6.2700000000e-01              3.7113314439e-01
              6.2800000000e-01              3.7015202595e-01
              6.2900000000e-01              3.6917072018e-01
              6.3000000000e-01              3.6818922892e-01
              6.3100000000e-01              3.6720755404e-01
              6.3200000000e-01              3.6622569736e-01
              6.3300000000e-01              3.6524366068e-01
              6.3400000000e-01              3.6426144580e-01
              6.3500000000e-01              3.6327905448e-01
              6.3600000000e-01              3.6229648850e-01
              6.3700000000e-01              3.6131374957e-01
              6.3800000000e-01              3.6033083943e-01
              6.3900000000e-01              3.5934775978e-01
              6.4000000000e-01              3.5836451230e-01
              6.4100000000e-01              3.5738109867e-01
              6.4200000000e-01              3.5639752053e-01
              6.4300000000e-01              3.5541377953e-01
              6.4400000000e-01              3.5442987728e-01
              6.4500000000e-01              3.5344581539e-01
              6.4600000000e-01              3.5246159545e-01
              6.4700000000e-01              3.5147721903e-01
              6.4800000000e-01              3.5049268769e-01
              6.4900000000e-01              3.4950800297e-01
              6.5000000000e-01              3.4852316639e-01
              6.5100000000e-01              3.4753817947e-01
              6.5200000000e-01              3.4655304370e-01
              6.5300000000e-01              3.4556776056e-01
              6.5400000000e-01              3.4458233153e-01
              6.5500000000e-01              3.4359675804e-01
              6.5600000000e-01              3.4261104154e-01
              6.5700000000e-01              3.4162518346e-01
              6.5800000000e-01              3.4063918519e-01
              6.5900000000e-01              3.3965304814e-01
              6.6000000000e-01              3.3866677368e-01
              6.6100000000e-01              3.3768036319e-01
              6.6200000000e-01              3.3669381802e-01
              6.6300000000e-01              3.3570713950e-01
              6.6400000000e-01              3.3472032896e-01
              6.6500000000e-01              3.3373338773e-01
              6.6600000000e-01              3.3274631709e-01
              6.6700000000e-01              3.3175911833e-01
              6.6800000000e-01              3.3077179274e-01
              6.6900000000e-01              3.2978434157e-01
              6.7000000000e-01              3.2879676607e-01
              6.7100000000e-01              3.2780906748e-01
              6.7200000000e-01              3.2682124702e-01
              6.7300000000e-01              3.2583330591e-01
              6.7400000000e-01              3.2484524534e-01
              6.7500000000e-01              3.2385706651e-01
              6.7600000000e-01              3.2286877060e-01
              6.7700000000e-01              3.2188035876e-01
              6.7800000000e-01              3.2089183215e-01
              6.7900000000e-01              3.1990319191e-01
              6.8000000000e-01              3.1891443918e-01
              6.8100000000e-01              3.1792557506e-01
              6.8200000000e-01              3.1693660068e-01
              6.8300000000e-01              3.1594751713e-01
              6.8400000000e-01              3.1495832549e-01
              6.8500000000e-01              3.1396902684e-01
              6.8600000000e-01              3.1297962225e-01
              6.8700000000e-01              3.1199011276e-01
              6.8800000000e-01              3.1100049943e-01
              6.8900000000e-01              3.1001078328e-01
              6.9000000000e-01              3.0902096534e-01
              6.9100000000e-01              3.0803104662e-01
              6.9200000000e-01              3.0704102813e-01
              6.9300000000e-01              3.0605091085e-01
              6.9400000000e-01              3.0506069577e-01
              6.9500000000e-01              3.0407038387e-01
              6.9600000000e-01              3.0307997610e-01
              6.9700000000e-01              3.0208947342e-01
              6.9800000000e-01              3.0109887678e-01
              6.9900000000e-01              3.0010818711e-01
              7.0000000000e-01              2.9911740533e-01
              7.0100000000e-01              2.9812653237e-01
              7.0200000000e-01              2.9713556912e-01
              7.0300000000e-01              2.9614451649e-01
              7.0400000000e-01              2.9515337537e-01
              7.0500000000e-01              2.9416214663e-01
              7.0600000000e-01              2.9317083116e-01
              7.0700000000e-01              2.9217942980e-01
              7.0800000000e-01              2.9118794343e-01
              7.0900000000e-01              2.9019637287e-01
              7.1000000000e-01              2.8920471898e-01
              7.1100000000e-01              2.8821298258e-01
              7.1200000000e-01              2.8722116448e-01
              7.1300000000e-01              2.8622926551e-01
              7.1400000000e-01              2.8523728647e-01
              7.1500000000e-01              2.8424522815e-01
              7.1600000000e-01              2.8325309135e-01
              7.1700000000e-01              2.8226087684e-01
              7.1800000000e-01              2.8126858539e-01
              7.1900000000e-01              2.8027621779e-01
              7.2000000000e-01              2.7928377477e-01
              7.2100000000e-01              2.7829125709e-01
              7.2200000000e-01              2.7729866550e-01
              7.2300000000e-01              2.7630600073e-01
              7.2400000000e-01              2.7531326350e-01
              7.2500000000e-01              2.7432045455e-01
              7.2600000000e-01              2.7332757458e-01
              7.2700000000e-01              2.7233462429e-01
              7.2800000000e-01              2.7134160440e-01
              7.2900000000e-01              2.7034851558e-01
              7.3000000000e-01              2.6935535854e-01
              7.3100000000e-01              2.6836213394e-01
              7.3200000000e-01              2.6736884246e-01
              7.3300000000e-01              2.6637548476e-01
              7.3400000000e-01              2.6538206150e-01
              7.3500000000e-01              2.6438857334e-01
              7.3600000000e-01              2.6339502092e-01
              7.3700000000e-01              2.6240140488e-01
              7.3800000000e-01              2.6140772586e-01
              7.3900000000e-01              2.6041398447e-01
              7.4000000000e-01              2.5942018134e-01
              7.4100000000e-01              2.5842631709e-01
              7.4200000000e-01              2.5743239233e-01
              7.4300000000e-01              2.5643840764e-01
              7.4400000000e-01              2.5544436364e-01
              7.4500000000e-01              2.5445026091e-01
              7.4600000000e-01              2.5345610003e-01
              7.4700000000e-01              2.5246188159e-01
              7.4800000000e-01              2.5146760616e-01
              7.4900000000e-01              2.5047327430e-01
              7.5000000000e-01              2.4947888658e-01
              7.5100000000e-01              2.4848444355e-01
              7.5200000000e-01              2.4748994576e-01
              7.5300000000e-01              2.4649539376e-01
              7.5400000000e-01              2.4550078808e-01
              7.5500000000e-01              2.4450612926e-01
              7.5600000000e-01              2.4351141783e-01
              7.5700000000e-01              2.4251665432e-01
              7.5800000000e-01              2.4152183923e-01
              7.5900000000e-01              2.4052697309e-01
              7.6000000000e-01              2.3953205641e-01
              7.6100000000e-01              2.3853708967e-01
              7.6200000000e-01              2.3754207339e-01
              7.6300000000e-01              2.3654700806e-01
              7.6400000000e-01              2.3555189416e-01
              7.6500000000e-01              2.3455673217e-01
              7.6600000000e-01              2.3356152258e-01
              7.6700000000e-01              2.3256626586e-01
              7.6800000000e-01              2.3157096248e-01
              7.6900000000e-01              2.3057561290e-01
              7.7000000000e-01              2.2958021759e-01
              7.7100000000e-01              2.2858477699e-01
              7.7200000000e-01              2.2758929156e-01
              7.7300000000e-01              2.2659376174e-01
              7.7400000000e-01              2.2559818798e-01
              7.7500000000e-01              2.2460257071e-01
              7.7600000000e-01              2.2360691037e-01
              7.7700000000e-01              2.2261120738e-01
              7.7800000000e-01              2.2161546217e-01
              7.7900000000e-01              2.2061967516e-01
              7.8000000000e-01              2.1962384676e-01
              7.8100000000e-01              2.1862797739e-01
              7.8200000000e-01              2.1763206746e-01
              7.8300000000e-01              2.1663611736e-01
              7.8400000000e-01              2.1564012750e-01
              7.8500000000e-01              2.1464409827e-01
              7.8600000000e-01              2.1364803007e-01
              7.8700000000e-01              2.1265192328e-01
              7.8800000000e-01              2.1165577828e-01
              7.8900000000e-01              2.1065959547e-01
              7.9000000000e-01              2.0966337520e-01
              7.9100000000e-01              2.0866711787e-01
              7.9200000000e-01              2.0767082382e-01
              7.9300000000e-01              2.0667449344e-01
              7.9400000000e-01              2.0567812708e-01
              7.9500000000e-01              2.0468172509e-01
              7.9600000000e-01              2.0368528784e-01
              7.9700000000e-01              2.0268881568e-01
              7.9800000000e-01              2.0169230895e-01
              7.9900000000e-01              2.0069576799e-01
              8.0000000000e-01              1.9969919315e-01
              8.0100000000e-01              1.9870258476e-01
              8.0200000000e-01              1.9770594317e-01
              8.0300000000e-01              1.9670926869e-01
              8.0400000000e-01              1.9571256165e-01
              8.0500000000e-01              1.9471582238e-01
              8.0600000000e-01              1.9371905121e-01
              8.0700000000e-01              1.9272224844e-01
              8.0800000000e-01              1.9172541439e-01
              8.0900000000e-01              1.9072854938e-01
              8.1000000000e-01              1.8973165370e-01
              8.1100000000e-01              1.8873472768e-01
              8.1200000000e-01              1.8773777160e-01
              8.1300000000e-01              1.8674078576e-01
              8.1400000000e-01              1.8574377047e-01
              8.1500000000e-01              1.8474672602e-01
              8.1600000000e-01              1.8374965270e-01
              8.1700000000e-01              1.8275255078e-01
              8.1800000000e-01              1.8175542057e-01
              8.1900000000e-01              1.8075826233e-01
              8.2000000000e-01              1.7976107636e-01
              8.2100000000e-01              1.7876386292e-01
              8.2200000000e-01              1.7776662228e-01
              8.2300000000e-01              1.7676935473e-01
              8.2400000000e-01              1.7577206052e-01
              8.2500000000e-01              1.7477473992e-01
              8.2600000000e-01              1.7377739320e-01
              8.2700000000e-01              1.7278002061e-01
              8.2800000000e-01              1.7178262242e-01
              8.2900000000e-01              1.7078519886e-01
              8.3000000000e-01              1.6978775021e-01
              8.3100000000e-01              1.6879027671e-01
              8.3200000000e-01              1.6779277860e-01
              8.3300000000e-01              1.6679525613e-01
              8.3400000000e-01              1.6579770955e-01
              8.3500000000e-01              1.6480013908e-01
              8.3600000000e-01              1.6380254498e-01
              8.3700000000e-01              1.6280492748e-01
              8.3800000000e-01              1.6180728680e-01
              8.3900000000e-01              1.6080962318e-01
              8.4000000000e-01              1.5981193685e-01
              8.4100000000e-01              1.5881422803e-01
              8.4200000000e-01              1.5781649695e-01
              8.4300000000e-01              1.5681874382e-01
              8.4400000000e-01              1.5582096888e-01
              8.4500000000e-01              1.5482317233e-01
              8.4600000000e-01              1.5382535439e-01
              8.4700000000e-01              1.5282751527e-01
              8.4800000000e-01              1.5182965519e-01
              8.4900000000e-01              1.5083177434e-01
              8.5000000000e-01              1.4983387295e-01
              8.5100000000e-01              1.4883595121e-01
              8.5200000000e-01              1.4783800933e-01
              8.5300000000e-01              1.4684004750e-01
              8.5400000000e-01              1.4584206593e-01
              8.5500000000e-01              1.4484406480e-01
              8.5600000000e-01              1.4384604433e-01
              8.5700000000e-01              1.4284800469e-01
              8.5800000000e-01              1.4184994608e-01
              8.5900000000e-01              1.4085186868e-01
              8.6000000000e-01              1.3985377269e-01
              8.6100000000e-01              1.3885565829e-01
              8.6200000000e-01              1.3785752567e-01
              8.6300000000e-01              1.3685937500e-01
              8.6400000000e-01              1.3586120646e-01
              8.6500000000e-01              1.3486302023e-01
              8.6600000000e-01              1.3386481649e-01
              8.6700000000e-01              1.3286659541e-01
              8.6800000000e-01              1.3186835716e-01
              8.6900000000e-01              1.3087010192e-01
              8.7000000000e-01              1.2987182986e-01
              8.7100000000e-01              1.2887354113e-01
              8.7200000000e-01              1.2787523592e-01
              8.7300000000e-01              1.2687691437e-01
              8.7400000000e-01              1.2587857666e-01
              8.7500000000e-01              1.2488022294e-01
              8.7600000000e-01              1.2388185338e-01
              8.7700000000e-01              1.2288346813e-01
              8.7800000000e-01              1.2188506734e-01
              8.7900000000e-01              1.2088665118e-01
              8.8000000000e-01              1.1988821979e-01
              8.8100000000e-01              1.1888977333e-01
              8.8200000000e-01              1.1789131195e-01
              8.8300000000e-01              1.1689283579e-01
              8.8400000000e-01              1.1589434500e-01
              8.8500000000e-01              1.1489583973e-01
              8.8600000000e-01              1.1389732013e-01
              8.8700000000e-01              1.1289878632e-01
              8.8800000000e-01              1.1190023847e-01
              8.8900000000e-01              1.1090167670e-01
              8.9000000000e-01              1.0990310115e-01
              8.9100000000e-01              1.0890451196e-01
              8.9200000000e-01              1.0790590927e-01
              8.9300000000e-01              1.0690729322e-01
              8.9400000000e-01              1.0590866392e-01
              8.9500000000e-01              1.0491002152e-01
              8.9600000000e-01              1.0391136615e-01
              8.9700000000e-01              1.0291269794e-01
              8.9800000000e-01              1.0191401700e-01
              8.9900000000e-01              1.0091532348e-01
              9.0000000000e-01              9.9916617491e-02
              9.0100000000e-01              9.8917899162e-02
              9.0200000000e-01              9.7919168615e-02
              9.0300000000e-01              9.6920425970e-02
              9.0400000000e-01              9.5921671350e-02
              9.0500000000e-01              9.4922904873e-02
              9.0600000000e-01              9.3924126656e-02
              9.0700000000e-01              9.2925336817e-02
              9.0800000000e-01              9.1926535472e-02
              9.0900000000e-01              9.0927722734e-02
              9.1000000000e-01              8.9928898718e-02
              9.1100000000e-01              8.8930063535e-02
              9.1200000000e-01              8.7931217296e-02
              9.1300000000e-01              8.6932360112e-02
              9.1400000000e-01              8.5933492091e-02
              9.1500000000e-01              8.4934613342e-02
              9.1600000000e-01              8.3935723971e-02
              9.1700000000e-01              8.2936824083e-02
              9.1800000000e-01              8.1937913784e-02
              9.1900000000e-01              8.0938993177e-02
              9.2000000000e-01              7.9940062364e-02
              9.2100000000e-01              7.8941121447e-02
              9.2200000000e-01              7.7942170527e-02
              9.2300000000e-01              7.6943209703e-02
              9.2400000000e-01              7.5944239074e-02
              9.2500000000e-01              7.4945258737e-02
              9.2600000000e-01              7.3946268789e-02
              9.2700000000e-01              7.2947269325e-02
              9.2800000000e-01              7.1948260441e-02
              9.2900000000e-01              7.0949242229e-02
              9.3000000000e-01              6.9950214783e-02
              9.3100000000e-01              6.8951178194e-02
              9.3200000000e-01              6.7952132554e-02
              9.3300000000e-01              6.6953077953e-02
              9.3400000000e-01              6.5954014480e-02
              9.3500000000e-01              6.4954942222e-02
              9.3600000000e-01              6.3955861268e-02
              9.3700000000e-01              6.2956771704e-02
              9.3800000000e-01              6.1957673616e-02
              9.3900000000e-01              6.0958567088e-02
              9.4000000000e-01              5.9959452205e-02
              9.4100000000e-01              5.8960329049e-02
              9.4200000000e-01              5.7961197703e-02
              9.4300000000e-01              5.6962058248e-02
              9.4400000000e-01              5.5962910766e-02
              9.4500000000e-01              5.4963755336e-02
              9.4600000000e-01              5.3964592036e-02
              9.4700000000e-01              5.2965420946e-02
              9.4800000000e-01              5.1966242143e-02
              9.4900000000e-01              5.0967055703e-02
              9.5000000000e-01              4.9967861703e-02
              9.5100000000e-01              4.8968660218e-02
              9.5200000000e-01              4.7969451322e-02
              9.5300000000e-01              4.6970235089e-02
              9.5400000000e-01              4.5971011592e-02
              9.5500000000e-01              4.4971780904e-02
              9.5600000000e-01              4.3972543095e-02
              9.5700000000e-01              4.2973298237e-02
              9.5800000000e-01              4.1974046400e-02
              9.5900000000e-01              4.0974787653e-02
              9.6000000000e-01              3.9975522066e-02
              9.6100000000e-01              3.8976249705e-02
              9.6200000000e-01              3.7976970639e-02
              9.6300000000e-01              3.6977684934e-02
              9.6400000000e-01              3.5978392657e-02
              9.6500000000e-01              3.4979093872e-02
              9.6600000000e-01              3.3979788644e-02
              9.6700000000e-01              3.2980477039e-02
              9.6800000000e-01              3.1981159118e-02
              9.6900000000e-01              3.0981834945e-02
              9.7000000000e-01              2.9982504582e-02
              9.7100000000e-01              2.8983168090e-02
              9.7200000000e-01              2.7983825532e-02
              9.7300000000e-01              2.6984476966e-02
              9.7400000000e-01              2.5985122453e-02
              9.7500000000e-01              2.4985762052e-02
              9.7600000000e-01              2.3986395822e-02
              9.7700000000e-01              2.2987023820e-02
              9.7800000000e-01              2.1987646104e-02
              9.7900000000e-01              2.0988262731e-02
              9.8000000000e-01              1.9988873757e-02
              9.8100000000e-01              1.8989479238e-02
              9.8200000000e-01              1.7990079229e-02
              9.8300000000e-01              1.6990673785e-02
              9.8400000000e-01              1.5991262959e-02
              9.8500000000e-01              1.4991846805e-02
              9.8600000000e-01              1.3992425377e-02
              9.8700000000e-01              1.2992998727e-02
              9.8800000000e-01              1.1993566906e-02
              9.8900000000e-01              1.0994129966e-02
              9.9000000000e-01              9.9946879591e-03
              9.9100000000e-01              8.9952409342e-03
              9.9200000000e-01              7.9957889417e-03
              9.9300000000e-01              6.9963320312e-03
              9.9400000000e-01              5.9968702515e-03
              9.9500000000e-01              4.9974036510e-03
              9.9600000000e-01              3.9979322778e-03
              9.9700000000e-01              2.9984561793e-03
              9.9800000000e-01              1.9989754025e-03
              9.9900000000e-01              9.9948999408e-04
