              1.0000000000e-03             -7.1273501113e+00             -5.0791834167e+00
              2.0000000000e-03             -6.8287288309e+00             -5.0791834166e+00
              3.0000000000e-03             -6.6550436093e+00             -5.0791834166e+00
              4.0000000000e-03             -6.5325082341e+00             -5.0791834167e+00
              5.0000000000e-03             -6.4379989076e+00             -5.0791834167e+00
              6.0000000000e-03             -6.3612156751e+00             -5.0791834168e+00
              7.0000000000e-03             -6.2966642274e+00             -5.0791834167e+00
              8.0000000000e-03             -6.2410649527e+00             -5.0791834167e+00
              9.0000000000e-03             -6.1923024343e+00             -5.0791834167e+00
              1.0000000000e-02             -6.1489322816e+00             -5.0791834167e+00
              1.1000000000e-02             -6.1099242696e+00             -5.0791834167e+00
              1.2000000000e-02             -6.0745177191e+00             -5.0791834167e+00
              1.3000000000e-02             -6.0421349622e+00             -5.0791834167e+00
              1.4000000000e-02             -6.0123269690e+00             -5.0791834167e+00
              1.5000000000e-02             -5.9847377784e+00             -5.0791834167e+00
              1.6000000000e-02             -5.9590804323e+00             -5.0791834167e+00
              1.7000000000e-02             -5.9351202175e+00             -5.0791834167e+00
              1.8000000000e-02             -5.9126627061e+00             -5.0791834166e+00
              1.9000000000e-02             -5.8915450330e+00             -5.0791834167e+00
              2.0000000000e-02             -5.8716294135e+00             -5.0791834166e+00
              2.1000000000e-02             -5.8527982441e+00             -5.0791834167e+00
              2.2000000000e-02             -5.8349503442e+00             -5.0791834167e+00
              2.3000000000e-02             -5.8179980337e+00             -5.0791834167e+00
              2.4000000000e-02             -5.8018648334e+00             -5.0791834167e+00
              2.5000000000e-02             -5.7864836347e+00             -5.0791834168e+00
              2.6000000000e-02             -5.7717952286e+00             -5.0791834167e+00
              2.7000000000e-02             -5.7577471129e+00             -5.0791834168e+00
              2.8000000000e-02             -5.7442925155e+00             -5.0791834168e+00
              2.9000000000e-02             -5.7313895904e+00             -5.0791834168e+00
              3.0000000000e-02             -5.7190007490e+00             -5.0791834168e+00
              3.1000000000e-02             -5.7070921015e+00             -5.0791834168e+00
              3.2000000000e-02             -5.6956329872e+00             -5.0791834168e+00
              3.3000000000e-02             -5.6845955767e+00             -5.0791834168e+00
              3.4000000000e-02             -5.6739545339e+00             -5.0791834168e+00
              3.5000000000e-02             -5.6636867266e+00             -5.0791834169e+00
              3.6000000000e-02             -5.6537709784e+00             -5.0791834169e+00
              3.7000000000e-02             -5.6441878539e+00             -5.0791834169e+00
              3.8000000000e-02             -5.6349194732e+00             -5.0791834169e+00
              3.9000000000e-02             -5.6259493502e+00             -5.0791834169e+00
              4.0000000000e-02             -5.6172622516e+00             -5.0791834169e+00
              4.1000000000e-02             -5.6088440725e+00             -5.0791834169e+00
              4.2000000000e-02             -5.6006817285e+00             -5.0791834170e+00
              4.3000000000e-02             -5.5927630588e+00             -5.0791834170e+00
              4.4000000000e-02             -5.5850767421e+00             -5.0791834170e+00
              4.5000000000e-02             -5.5776122202e+00             -5.0791834170e+00
              4.6000000000e-02             -5.5703596316e+00             -5.0791834170e+00
              4.7000000000e-02             -5.5633097514e+00             -5.0791834171e+00
              4.8000000000e-02             -5.5564539374e+00             -5.0791834171e+00
              4.9000000000e-02             -5.5497840825e+00             -5.0791834171e+00
              5.0000000000e-02             -5.5432925709e+00             -5.0791834171e+00
              5.1000000000e-02             -5.5369722397e+00             -5.0791834171e+00
              5.2000000000e-02             -5.5308163435e+00             -5.0791834171e+00
              5.3000000000e-02             -5.5248185225e+00             -5.0791834171e+00
              5.4000000000e-02             -5.5189727737e+00             -5.0791834171e+00
              5.5000000000e-02             -5.5132734249e+00             -5.0791834171e+00
              5.6000000000e-02             -5.5077151107e+00             -5.0791834171e+00
              5.7000000000e-02             -5.5022927508e+00             -5.0791834172e+00
              5.8000000000e-02             -5.4970015300e+00             -5.0791834172e+00
              5.9000000000e-02             -5.4918368806e+00             -5.0791834172e+00
              6.0000000000e-02             -5.4867944650e+00             -5.0791834172e+00
              6.1000000000e-02             -5.4818701612e+00             -5.0791834172e+00
              6.2000000000e-02             -5.4770600482e+00             -5.0791834171e+00
              6.3000000000e-02             -5.4723603937e+00             -5.0791834171e+00
              6.4000000000e-02             -5.4677676416e+00             -5.0791834171e+00
              6.5000000000e-02             -5.4632784017e+00             -5.0791834171e+00
              6.6000000000e-02             -5.4588894390e+00             -5.0791834171e+00
              6.7000000000e-02             -5.4545976647e+00             -5.0791834171e+00
              6.8000000000e-02             -5.4504001276e+00             -5.0791834171e+00
              6.9000000000e-02             -5.4462940058e+00             -5.0791834171e+00
              7.0000000000e-02             -5.4422765994e+00             -5.0791834171e+00
              7.1000000000e-02             -5.4383453234e+00             -5.0791834171e+00
              7.2000000000e-02             -5.4344977018e+00             -5.0791834171e+00
              7.3000000000e-02             -5.4307313609e+00             -5.0791834171e+00
              7.4000000000e-02             -5.4270440243e+00             -5.0791834171e+00
              7.5000000000e-02             -5.4234335071e+00             -5.0791834171e+00
              7.6000000000e-02             -5.4198977118e+00             -5.0791834171e+00
              7.7000000000e-02             -5.4164346231e+00             -5.0791834171e+00
              7.8000000000e-02             -5.4130423037e+00             -5.0791834171e+00
              7.9000000000e-02             -5.4097188909e+00             -5.0791834171e+00
              8.0000000000e-02             -5.4064625922e+00             -5.0791834171e+00
              8.1000000000e-02             -5.4032716821e+00             -5.0791834171e+00
              8.2000000000e-02             -5.4001444987e+00             -5.0791834171e+00
              8.3000000000e-02             -5.3970794409e+00             -5.0791834171e+00
              8.4000000000e-02             -5.3940749651e+00             -5.0791834171e+00
              8.5000000000e-02             -5.3911295827e+00             -5.0791834171e+00
              8.6000000000e-02             -5.3882418575e+00             -5.0791834171e+00
              8.7000000000e-02             -5.3854104033e+00             -5.0791834171e+00
              8.8000000000e-02             -5.3826338815e+00             -5.0791834171e+00
              8.9000000000e-02             -5.3799109991e+00             -5.0791834171e+00
              9.0000000000e-02             -5.3772405066e+00             -5.0791834171e+00
              9.1000000000e-02             -5.3746211961e+00             -5.0791834171e+00
              9.2000000000e-02             -5.3720518992e+00             -5.0791834171e+00
              9.3000000000e-02             -5.3695314859e+00             -5.0791834172e+00
              9.4000000000e-02             -5.3670588624e+00             -5.0791834172e+00
              9.5000000000e-02             -5.3646329699e+00             -5.0791834172e+00
              9.6000000000e-02             -5.3622527828e+00             -5.0791834172e+00
              9.7000000000e-02             -5.3599173077e+00             -5.0791834172e+00
              9.8000000000e-02             -5.3576255819e+00             -5.0791834172e+00
              9.9000000000e-02             -5.3553766722e+00             -5.0791834172e+00
              1.0000000000e-01             -5.3531696734e+00             -5.0791834173e+00
              1.0100000000e-01             -5.3510037079e+00             -5.0791834173e+00
              1.0200000000e-01             -5.3488779239e+00             -5.0791834173e+00
              1.0300000000e-01             -5.3467914947e+00             -5.0791834173e+00
              1.0400000000e-01             -5.3447436178e+00             -5.0791834173e+00
              1.0500000000e-01             -5.3427335137e+00             -5.0791834173e+00
              1.0600000000e-01             -5.3407604256e+00             -5.0791834173e+00
              1.0700000000e-01             -5.3388236176e+00             -5.0791834173e+00
              1.0800000000e-01             -5.3369223749e+00             -5.0791834173e+00
              1.0900000000e-01             -5.3350560025e+00             -5.0791834173e+00
              1.1000000000e-01             -5.3332238245e+00             -5.0791834174e+00
              1.1100000000e-01             -5.3314251836e+00             -5.0791834174e+00
              1.1200000000e-01             -5.3296594401e+00             -5.0791834174e+00
              1.1300000000e-01             -5.3279259719e+00             -5.0791834174e+00
              1.1400000000e-01             -5.3262241730e+00             -5.0791834174e+00
              1.1500000000e-01             -5.3245534538e+00             -5.0791834174e+00
              1.1600000000e-01             -5.3229132400e+00             -5.0791834174e+00
              1.1700000000e-01             -5.3213029722e+00             -5.0791834175e+00
              1.1800000000e-01             -5.3197221054e+00             -5.0791834175e+00
              1.1900000000e-01             -5.3181701087e+00             -5.0791834175e+00
              1.2000000000e-01             -5.3166464643e+00             -5.0791834175e+00
              1.2100000000e-01             -5.3151506679e+00             -5.0791834176e+00
              1.2200000000e-01             -5.3136822274e+00             -5.0791834176e+00
              1.2300000000e-01             -5.3122406631e+00             -5.0791834176e+00
              1.2400000000e-01             -5.3108255070e+00             -5.0791834176e+00
              1.2500000000e-01             -5.3094363024e+00             -5.0791834176e+00
              1.2600000000e-01             -5.3080726039e+00             -5.0791834176e+00
              1.2700000000e-01             -5.3067339767e+00             -5.0791834177e+00
              1.2800000000e-01             -5.3054199962e+00             -5.0791834177e+00
              1.2900000000e-01             -5.3041302480e+00             -5.0791834177e+00
              1.3000000000e-01             -5.3028643275e+00             -5.0791834177e+00
              1.3100000000e-01             -5.3016218392e+00             -5.0791834177e+00
              1.3200000000e-01             -5.3004023972e+00             -5.0791834177e+00
              1.3300000000e-01             -5.2992056240e+00             -5.0791834178e+00
              1.3400000000e-01             -5.2980311512e+00             -5.0791834178e+00
              1.3500000000e-01             -5.2968786183e+00             -5.0791834178e+00
              1.3600000000e-01             -5.2957476731e+00             -5.0791834178e+00
              1.3700000000e-01             -5.2946379714e+00             -5.0791834178e+00
              1.3800000000e-01             -5.2935491764e+00             -5.0791834178e+00
              1.3900000000e-01             -5.2924809588e+00             -5.0791834178e+00
              1.4000000000e-01             -5.2914329965e+00             -5.0791834178e+00
              1.4100000000e-01             -5.2904049746e+00             -5.0791834178e+00
              1.4200000000e-01             -5.2893965846e+00             -5.0791834178e+00
              1.4300000000e-01             -5.2884075250e+00             -5.0791834178e+00
              1.4400000000e-01             -5.2874375005e+00             -5.0791834178e+00
              1.4500000000e-01             -5.2864862221e+00             -5.0791834178e+00
              1.4600000000e-01             -5.2855534070e+00             -5.0791834178e+00
              1.4700000000e-01             -5.2846387781e+00             -5.0791834178e+00
              1.4800000000e-01             -5.2837420642e+00             -5.0791834178e+00
              1.4900000000e-01             -5.2828629997e+00             -5.0791834178e+00
              1.5000000000e-01             -5.2820013244e+00             -5.0791834177e+00
              1.5100000000e-01             -5.2811567834e+00             -5.0791834177e+00
              1.5200000000e-01             -5.2803291271e+00             -5.0791834177e+00
              1.5300000000e-01             -5.2795181106e+00             -5.0791834177e+00
              1.5400000000e-01             -5.2787234944e+00             -5.0791834177e+00
              1.5500000000e-01             -5.2779450433e+00             -5.0791834177e+00
              1.5600000000e-01             -5.2771825270e+00             -5.0791834177e+00
              1.5700000000e-01             -5.2764357197e+00             -5.0791834176e+00
              1.5800000000e-01             -5.2757044000e+00             -5.0791834176e+00
              1.5900000000e-01             -5.2749883508e+00             -5.0791834176e+00
              1.6000000000e-01             -5.2742873592e+00             -5.0791834176e+00
              1.6100000000e-01             -5.2736012165e+00             -5.0791834176e+00
              1.6200000000e-01             -5.2729297177e+00             -5.0791834175e+00
              1.6300000000e-01             -5.2722726620e+00             -5.0791834175e+00
              1.6400000000e-01             -5.2716298523e+00             -5.0791834175e+00
              1.6500000000e-01             -5.2710010952e+00             -5.0791834175e+00
              1.6600000000e-01             -5.2703862009e+00             -5.0791834174e+00
              1.6700000000e-01             -5.2697849831e+00             -5.0791834174e+00
              1.6800000000e-01             -5.2691972592e+00             -5.0791834174e+00
              1.6900000000e-01             -5.2686228496e+00             -5.0791834174e+00
              1.7000000000e-01             -5.2680615781e+00             -5.0791834174e+00
              1.7100000000e-01             -5.2675132720e+00             -5.0791834173e+00
              1.7200000000e-01             -5.2669777613e+00             -5.0791834173e+00
              1.7300000000e-01             -5.2664548794e+00             -5.0791834173e+00
              1.7400000000e-01             -5.2659444625e+00             -5.0791834173e+00
              1.7500000000e-01             -5.2654463498e+00             -5.0791834172e+00
              1.7600000000e-01             -5.2649603834e+00             -5.0791834172e+00
              1.7700000000e-01             -5.2644864081e+00             -5.0791834172e+00
              1.7800000000e-01             -5.2640242715e+00             -5.0791834172e+00
              1.7900000000e-01             -5.2635738238e+00             -5.0791834172e+00
              1.8000000000e-01             -5.2631349179e+00             -5.0791834171e+00
              1.8100000000e-01             -5.2627074092e+00             -5.0791834171e+00
              1.8200000000e-01             -5.2622911556e+00             -5.0791834171e+00
              1.8300000000e-01             -5.2618860175e+00             -5.0791834170e+00
              1.8400000000e-01             -5.2614918577e+00             -5.0791834170e+00
              1.8500000000e-01             -5.2611085411e+00             -5.0791834170e+00
              1.8600000000e-01             -5.2607359353e+00             -5.0791834170e+00
              1.8700000000e-01             -5.2603739097e+00             -5.0791834170e+00
              1.8800000000e-01             -5.2600223363e+00             -5.0791834170e+00
              1.8900000000e-01             -5.2596810890e+00             -5.0791834169e+00
              1.9000000000e-01             -5.2593500438e+00             -5.0791834169e+00
              1.9100000000e-01             -5.2590290788e+00             -5.0791834169e+00
              1.9200000000e-01             -5.2587180742e+00             -5.0791834169e+00
              1.9300000000e-01             -5.2584169120e+00             -5.0791834169e+00
              1.9400000000e-01             -5.2581254764e+00             -5.0791834169e+00
              1.9500000000e-01             -5.2578436532e+00             -5.0791834168e+00
              1.9600000000e-01             -5.2575713302e+00             -5.0791834168e+00
              1.9700000000e-01             -5.2573083970e+00             -5.0791834168e+00
              1.9800000000e-01             -5.2570547449e+00             -5.0791834167e+00
              1.9900000000e-01             -5.2568102672e+00             -5.0791834167e+00
              2.0000000000e-01             -5.2565748586e+00             -5.0791834167e+00
              2.0100000000e-01             -5.2563484157e+00             -5.0791834166e+00
              2.0200000000e-01             -5.2561308366e+00             -5.0791834166e+00
              2.0300000000e-01             -5.2559220210e+00             -5.0791834166e+00
              2.0400000000e-01             -5.2557218703e+00             -5.0791834165e+00
              2.0500000000e-01             -5.2555302874e+00             -5.0791834165e+00
              2.0600000000e-01             -5.2553471767e+00             -5.0791834165e+00
              2.0700000000e-01             -5.2551724441e+00             -5.0791834164e+00
              2.0800000000e-01             -5.2550059970e+00             -5.0791834164e+00
              2.0900000000e-01             -5.2548477441e+00             -5.0791834164e+00
              2.1000000000e-01             -5.2546975956e+00             -5.0791834164e+00
              2.1100000000e-01             -5.2545554631e+00             -5.0791834163e+00
              2.1200000000e-01             -5.2544212596e+00             -5.0791834163e+00
              2.1300000000e-01             -5.2542948993e+00             -5.0791834163e+00
              2.1400000000e-01             -5.2541762976e+00             -5.0791834162e+00
              2.1500000000e-01             -5.2540653716e+00             -5.0791834162e+00
              2.1600000000e-01             -5.2539620393e+00             -5.0791834161e+00
              2.1700000000e-01             -5.2538662200e+00             -5.0791834161e+00
              2.1800000000e-01             -5.2537778342e+00             -5.0791834160e+00
              2.1900000000e-01             -5.2536968038e+00             -5.0791834160e+00
              2.2000000000e-01             -5.2536230514e+00             -5.0791834160e+00
              2.2100000000e-01             -5.2535565013e+00             -5.0791834159e+00
              2.2200000000e-01             -5.2534970786e+00             -5.0791834159e+00
              2.2300000000e-01             -5.2534447095e+00             -5.0791834158e+00
              2.2400000000e-01             -5.2533993213e+00             -5.0791834158e+00
              2.2500000000e-01             -5.2533608426e+00             -5.0791834158e+00
              2.2600000000e-01             -5.2533292027e+00             -5.0791834157e+00
              2.2700000000e-01             -5.2533043322e+00             -5.0791834157e+00
              2.2800000000e-01             -5.2532861626e+00             -5.0791834156e+00
              2.2900000000e-01             -5.2532746263e+00             -5.0791834156e+00
              2.3000000000e-01             -5.2532696569e+00             -5.0791834155e+00
              2.3100000000e-01             -5.2532711887e+00             -5.0791834155e+00
              2.3200000000e-01             -5.2532791572e+00             -5.0791834154e+00
              2.3300000000e-01             -5.2532934987e+00             -5.0791834154e+00
              2.3400000000e-01             -5.2533141504e+00             -5.0791834153e+00
              2.3500000000e-01             -5.2533410503e+00             -5.0791834153e+00
              2.3600000000e-01             -5.2533741375e+00             -5.0791834152e+00
              2.3700000000e-01             -5.2534133519e+00             -5.0791834151e+00
              2.3800000000e-01             -5.2534586342e+00             -5.0791834151e+00
              2.3900000000e-01             -5.2535099259e+00             -5.0791834150e+00
              2.4000000000e-01             -5.2535671693e+00             -5.0791834150e+00
              2.4100000000e-01             -5.2536303078e+00             -5.0791834149e+00
              2.4200000000e-01             -5.2536992851e+00             -5.0791834149e+00
              2.4300000000e-01             -5.2537740462e+00             -5.0791834148e+00
              2.4400000000e-01             -5.2538545365e+00             -5.0791834148e+00
              2.4500000000e-01             -5.2539407024e+00             -5.0791834147e+00
              2.4600000000e-01             -5.2540324909e+00             -5.0791834147e+00
              2.4700000000e-01             -5.2541298497e+00             -5.0791834146e+00
              2.4800000000e-01             -5.2542327273e+00             -5.0791834146e+00
              2.4900000000e-01             -5.2543410731e+00             -5.0791834146e+00
              2.5000000000e-01             -5.2544548367e+00             -5.0791834145e+00
              2.5100000000e-01             -5.2545739690e+00             -5.0791834145e+00
              2.5200000000e-01             -5.2546984210e+00             -5.0791834144e+00
              2.5300000000e-01             -5.2548281449e+00             -5.0791834144e+00
              2.5400000000e-01             -5.2549630931e+00             -5.0791834144e+00
              2.5500000000e-01             -5.2551032189e+00             -5.0791834143e+00
              2.5600000000e-01             -5.2552484762e+00             -5.0791834143e+00
              2.5700000000e-01             -5.2553988195e+00             -5.0791834142e+00
              2.5800000000e-01             -5.2555542040e+00             -5.0791834142e+00
              2.5900000000e-01             -5.2557145853e+00             -5.0791834141e+00
              2.6000000000e-01             -5.2558799198e+00             -5.0791834141e+00
              2.6100000000e-01             -5.2560501645e+00             -5.0791834140e+00
              2.6200000000e-01             -5.2562252767e+00             -5.0791834140e+00
              2.6300000000e-01             -5.2564052147e+00             -5.0791834140e+00
              2.6400000000e-01             -5.2565899370e+00             -5.0791834139e+00
              2.6500000000e-01             -5.2567794028e+00             -5.0791834139e+00
              2.6600000000e-01             -5.2569735719e+00             -5.0791834138e+00
              2.6700000000e-01             -5.2571724045e+00             -5.0791834138e+00
              2.6800000000e-01             -5.2573758614e+00             -5.0791834138e+00
              2.6900000000e-01             -5.2575839041e+00             -5.0791834138e+00
              2.7000000000e-01             -5.2577964942e+00             -5.0791834137e+00
              2.7100000000e-01             -5.2580135942e+00             -5.0791834137e+00
              2.7200000000e-01             -5.2582351670e+00             -5.0791834136e+00
              2.7300000000e-01             -5.2584611758e+00             -5.0791834136e+00
              2.7400000000e-01             -5.2586915846e+00             -5.0791834136e+00
              2.7500000000e-01             -5.2589263575e+00             -5.0791834135e+00
              2.7600000000e-01             -5.2591654595e+00             -5.0791834135e+00
              2.7700000000e-01             -5.2594088557e+00             -5.0791834135e+00
              2.7800000000e-01             -5.2596565119e+00             -5.0791834134e+00
              2.7900000000e-01             -5.2599083942e+00             -5.0791834134e+00
              2.8000000000e-01             -5.2601644692e+00             -5.0791834134e+00
              2.8100000000e-01             -5.2604247040e+00             -5.0791834133e+00
              2.8200000000e-01             -5.2606890661e+00             -5.0791834133e+00
              2.8300000000e-01             -5.2609575233e+00             -5.0791834133e+00
              2.8400000000e-01             -5.2612300440e+00             -5.0791834133e+00
              2.8500000000e-01             -5.2615065969e+00             -5.0791834132e+00
              2.8600000000e-01             -5.2617871512e+00             -5.0791834132e+00
              2.8700000000e-01             -5.2620716765e+00             -5.0791834132e+00
              2.8800000000e-01             -5.2623601427e+00             -5.0791834132e+00
              2.8900000000e-01             -5.2626525201e+00             -5.0791834131e+00
              2.9000000000e-01             -5.2629487795e+00             -5.0791834131e+00
              2.9100000000e-01             -5.2632488920e+00             -5.0791834131e+00
              2.9200000000e-01             -5.2635528291e+00             -5.0791834131e+00
              2.9300000000e-01             -5.2638605628e+00             -5.0791834130e+00
              2.9400000000e-01             -5.2641720651e+00             -5.0791834130e+00
              2.9500000000e-01             -5.2644873088e+00             -5.0791834130e+00
              2.9600000000e-01             -5.2648062667e+00             -5.0791834129e+00
              2.9700000000e-01             -5.2651289123e+00             -5.0791834129e+00
              2.9800000000e-01             -5.2654552192e+00             -5.0791834128e+00
              2.9900000000e-01             -5.2657851613e+00             -5.0791834128e+00
              3.0000000000e-01             -5.2661187131e+00             -5.0791834127e+00
              3.0100000000e-01             -5.2664558491e+00             -5.0791834127e+00
              3.0200000000e-01             -5.2667965445e+00             -5.0791834127e+00
              3.0300000000e-01             -5.2671407746e+00             -5.0791834126e+00
              3.0400000000e-01             -5.2674885150e+00             -5.0791834126e+00
              3.0500000000e-01             -5.2678397417e+00             -5.0791834125e+00
              3.0600000000e-01             -5.2681944310e+00             -5.0791834125e+00
              3.0700000000e-01             -5.2685525596e+00             -5.0791834124e+00
              3.0800000000e-01             -5.2689141042e+00             -5.0791834123e+00
              3.0900000000e-01             -5.2692790422e+00             -5.0791834123e+00
              3.1000000000e-01             -5.2696473511e+00             -5.0791834122e+00
              3.1100000000e-01             -5.2700190086e+00             -5.0791834122e+00
              3.1200000000e-01             -5.2703939929e+00             -5.0791834121e+00
              3.1300000000e-01             -5.2707722824e+00             -5.0791834121e+00
              3.1400000000e-01             -5.2711538557e+00             -5.0791834121e+00
              3.1500000000e-01             -5.2715386917e+00             -5.0791834120e+00
              3.1600000000e-01             -5.2719267698e+00             -5.0791834120e+00
              3.1700000000e-01             -5.2723180694e+00             -5.0791834120e+00
              3.1800000000e-01             -5.2727125702e+00             -5.0791834119e+00
              3.1900000000e-01             -5.2731102524e+00             -5.0791834119e+00
              3.2000000000e-01             -5.2735110963e+00             -5.0791834118e+00
              3.2100000000e-01             -5.2739150823e+00             -5.0791834118e+00
              3.2200000000e-01             -5.2743221914e+00             -5.0791834118e+00
              3.2300000000e-01             -5.2747324045e+00             -5.0791834117e+00
              3.2400000000e-01             -5.2751457031e+00             -5.0791834117e+00
              3.2500000000e-01             -5.2755620687e+00             -5.0791834117e+00
              3.2600000000e-01             -5.2759814832e+00             -5.0791834116e+00
              3.2700000000e-01             -5.2764039285e+00             -5.0791834116e+00
              3.2800000000e-01             -5.2768293871e+00             -5.0791834115e+00
              3.2900000000e-01             -5.2772578414e+00             -5.0791834115e+00
              3.3000000000e-01             -5.2776892743e+00             -5.0791834115e+00
              3.3100000000e-01             -5.2781236687e+00             -5.0791834114e+00
              3.3200000000e-01             -5.2785610079e+00             -5.0791834114e+00
              3.3300000000e-01             -5.2790012754e+00             -5.0791834113e+00
              3.3400000000e-01             -5.2794444548e+00             -5.0791834113e+00
              3.3500000000e-01             -5.2798905300e+00             -5.0791834112e+00
              3.3600000000e-01             -5.2803394853e+00             -5.0791834112e+00
              3.3700000000e-01             -5.2807913049e+00             -5.0791834112e+00
              3.3800000000e-01             -5.2812459734e+00             -5.0791834111e+00
              3.3900000000e-01             -5.2817034755e+00             -5.0791834111e+00
              3.4000000000e-01             -5.2821637963e+00             -5.0791834110e+00
              3.4100000000e-01             -5.2826269210e+00             -5.0791834110e+00
              3.4200000000e-01             -5.2830928348e+00             -5.0791834109e+00
              3.4300000000e-01             -5.2835615235e+00             -5.0791834108e+00
              3.4400000000e-01             -5.2840329729e+00             -5.0791834108e+00
              3.4500000000e-01             -5.2845071688e+00             -5.0791834107e+00
              3.4600000000e-01             -5.2849840976e+00             -5.0791834107e+00
              3.4700000000e-01             -5.2854637455e+00             -5.0791834106e+00
              3.4800000000e-01             -5.2859460993e+00             -5.0791834106e+00
              3.4900000000e-01             -5.2864311455e+00             -5.0791834106e+00
              3.5000000000e-01             -5.2869188713e+00             -5.0791834105e+00
              3.5100000000e-01             -5.2874092636e+00             -5.0791834105e+00
              3.5200000000e-01             -5.2879023099e+00             -5.0791834104e+00
              3.5300000000e-01             -5.2883979976e+00             -5.0791834104e+00
              3.5400000000e-01             -5.2888963145e+00             -5.0791834103e+00
              3.5500000000e-01             -5.2893972483e+00             -5.0791834103e+00
              3.5600000000e-01             -5.2899007872e+00             -5.0791834102e+00
              3.5700000000e-01             -5.2904069193e+00             -5.0791834101e+00
              3.5800000000e-01             -5.2909156330e+00             -5.0791834100e+00
              3.5900000000e-01             -5.2914269169e+00             -5.0791834100e+00
              3.6000000000e-01             -5.2919407596e+00             -5.0791834099e+00
              3.6100000000e-01             -5.2924571502e+00             -5.0791834098e+00
              3.6200000000e-01             -5.2929760776e+00             -5.0791834098e+00
              3.6300000000e-01             -5.2934975310e+00             -5.0791834097e+00
              3.6400000000e-01             -5.2940214999e+00             -5.0791834096e+00
              3.6500000000e-01             -5.2945479738e+00             -5.0791834096e+00
              3.6600000000e-01             -5.2950769424e+00             -5.0791834095e+00
              3.6700000000e-01             -5.2956083955e+00             -5.0791834095e+00
              3.6800000000e-01             -5.2961423231e+00             -5.0791834094e+00
              3.6900000000e-01             -5.2966787155e+00             -5.0791834093e+00
              3.7000000000e-01             -5.2972175630e+00             -5.0791834093e+00
              3.7100000000e-01             -5.2977588560e+00             -5.0791834092e+00
              3.7200000000e-01             -5.2983025851e+00             -5.0791834092e+00
              3.7300000000e-01             -5.2988487411e+00             -5.0791834091e+00
              3.7400000000e-01             -5.2993973150e+00             -5.0791834091e+00
              3.7500000000e-01             -5.2999482978e+00             -5.0791834090e+00
              3.7600000000e-01             -5.3005016807e+00             -5.0791834089e+00
              3.7700000000e-01             -5.3010574551e+00             -5.0791834089e+00
              3.7800000000e-01             -5.3016156124e+00             -5.0791834088e+00
              3.7900000000e-01             -5.3021761443e+00             -5.0791834087e+00
              3.8000000000e-01             -5.3027390426e+00             -5.0791834087e+00
              3.8100000000e-01             -5.3033042992e+00             -5.0791834086e+00
              3.8200000000e-01             -5.3038719062e+00             -5.0791834086e+00
              3.8300000000e-01             -5.3044418556e+00             -5.0791834085e+00
              3.8400000000e-01             -5.3050141399e+00             -5.0791834084e+00
              3.8500000000e-01             -5.3055887515e+00             -5.0791834084e+00
              3.8600000000e-01             -5.3061656829e+00             -5.0791834083e+00
              3.8700000000e-01             -5.3067449269e+00             -5.0791834082e+00
              3.8800000000e-01             -5.3073264764e+00             -5.0791834081e+00
              3.8900000000e-01             -5.3079103243e+00             -5.0791834081e+00
              3.9000000000e-01             -5.3084964637e+00             -5.0791834080e+00
              3.9100000000e-01             -5.3090848878e+00             -5.0791834079e+00
              3.9200000000e-01             -5.3096755899e+00             -5.0791834078e+00
              3.9300000000e-01             -5.3102685637e+00             -5.0791834078e+00
              3.9400000000e-01             -5.3108638026e+00             -5.0791834077e+00
              3.9500000000e-01             -5.3114613004e+00             -5.0791834076e+00
              3.9600000000e-01             -5.3120610509e+00             -5.0791834075e+00
              3.9700000000e-01             -5.3126630481e+00             -5.0791834075e+00
              3.9800000000e-01             -5.3132672861e+00             -5.0791834074e+00
              3.9900000000e-01             -5.3138737590e+00             -5.0791834073e+00
              4.0000000000e-01             -5.3144824612e+00             -5.0791834072e+00
              4.0100000000e-01             -5.3150933871e+00             -5.0791834071e+00
              4.0200000000e-01             -5.3157065313e+00             -5.0791834071e+00
              4.0300000000e-01             -5.3163218884e+00             -5.0791834070e+00
              4.0400000000e-01             -5.3169394532e+00             -5.0791834069e+00
              4.0500000000e-01             -5.3175592206e+00             -5.0791834069e+00
              4.0600000000e-01             -5.3181811856e+00             -5.0791834068e+00
              4.0700000000e-01             -5.3188053433e+00             -5.0791834067e+00
              4.0800000000e-01             -5.3194316889e+00             -5.0791834067e+00
              4.0900000000e-01             -5.3200602178e+00             -5.0791834066e+00
              4.1000000000e-01             -5.3206909253e+00             -5.0791834065e+00
              4.1100000000e-01             -5.3213238071e+00             -5.0791834064e+00
              4.1200000000e-01             -5.3219588588e+00             -5.0791834063e+00
              4.1300000000e-01             -5.3225960761e+00             -5.0791834063e+00
              4.1400000000e-01             -5.3232354550e+00             -5.0791834062e+00
              4.1500000000e-01             -5.3238769913e+00             -5.0791834061e+00
              4.1600000000e-01             -5.3245206812e+00             -5.0791834060e+00
              4.1700000000e-01             -5.3251665209e+00             -5.0791834060e+00
              4.1800000000e-01             -5.3258145065e+00             -5.0791834059e+00
              4.1900000000e-01             -5.3264646346e+00             -5.0791834059e+00
              4.2000000000e-01             -5.3271169016e+00             -5.0791834058e+00
              4.2100000000e-01             -5.3277713040e+00             -5.0791834057e+00
              4.2200000000e-01             -5.3284278386e+00             -5.0791834057e+00
              4.2300000000e-01             -5.3290865021e+00             -5.0791834056e+00
              4.2400000000e-01             -5.3297472914e+00             -5.0791834056e+00
              4.2500000000e-01             -5.3304102035e+00             -5.0791834055e+00
              4.2600000000e-01             -5.3310752355e+00             -5.0791834055e+00
              4.2700000000e-01             -5.3317423845e+00             -5.0791834054e+00
              4.2800000000e-01             -5.3324116478e+00             -5.0791834053e+00
              4.2900000000e-01             -5.3330830228e+00             -5.0791834052e+00
              4.3000000000e-01             -5.3337565069e+00             -5.0791834052e+00
              4.3100000000e-01             -5.3344320977e+00             -5.0791834051e+00
              4.3200000000e-01             -5.3351097928e+00             -5.0791834051e+00
              4.3300000000e-01             -5.3357895899e+00             -5.0791834050e+00
              4.3400000000e-01             -5.3364714870e+00             -5.0791834050e+00
              4.3500000000e-01             -5.3371554818e+00             -5.0791834049e+00
              4.3600000000e-01             -5.3378415725e+00             -5.0791834048e+00
              4.3700000000e-01             -5.3385297571e+00             -5.0791834048e+00
              4.3800000000e-01             -5.3392200339e+00             -5.0791834047e+00
              4.3900000000e-01             -5.3399124010e+00             -5.0791834046e+00
              4.4000000000e-01             -5.3406068570e+00             -5.0791834045e+00
              4.4100000000e-01             -5.3413034002e+00             -5.0791834045e+00
              4.4200000000e-01             -5.3420020293e+00             -5.0791834044e+00
              4.4300000000e-01             -5.3427027428e+00             -5.0791834044e+00
              4.4400000000e-01             -5.3434055394e+00             -5.0791834043e+00
              4.4500000000e-01             -5.3441104182e+00             -5.0791834042e+00
              4.4600000000e-01             -5.3448173778e+00             -5.0791834042e+00
              4.4700000000e-01             -5.3455264173e+00             -5.0791834041e+00
              4.4800000000e-01             -5.3462375357e+00             -5.0791834041e+00
              4.4900000000e-01             -5.3469507323e+00             -5.0791834040e+00
              4.5000000000e-01             -5.3476660063e+00             -5.0791834039e+00
              4.5100000000e-01             -5.3483833570e+00             -5.0791834038e+00
              4.5200000000e-01             -5.3491027838e+00             -5.0791834038e+00
              4.5300000000e-01             -5.3498242863e+00             -5.0791834037e+00
              4.5400000000e-01             -5.3505478640e+00             -5.0791834036e+00
              4.5500000000e-01             -5.3512735165e+00             -5.0791834035e+00
              4.5600000000e-01             -5.3520012437e+00             -5.0791834034e+00
              4.5700000000e-01             -5.3527310454e+00             -5.0791834033e+00
              4.5800000000e-01             -5.3534629214e+00             -5.0791834032e+00
              4.5900000000e-01             -5.3541968719e+00             -5.0791834031e+00
              4.6000000000e-01             -5.3549328967e+00             -5.0791834030e+00
              4.6100000000e-01             -5.3556709963e+00             -5.0791834029e+00
              4.6200000000e-01             -5.3564111707e+00             -5.0791834028e+00
              4.6300000000e-01             -5.3571534203e+00             -5.0791834027e+00
              4.6400000000e-01             -5.3578977455e+00             -5.0791834026e+00
              4.6500000000e-01             -5.3586441468e+00             -5.0791834025e+00
              4.6600000000e-01             -5.3593926247e+00             -5.0791834024e+00
              4.6700000000e-01             -5.3601431800e+00             -5.0791834023e+00
              4.6800000000e-01             -5.3608958133e+00             -5.0791834022e+00
              4.6900000000e-01             -5.3616505254e+00             -5.0791834021e+00
              4.7000000000e-01             -5.3624073172e+00             -5.0791834020e+00
              4.7100000000e-01             -5.3631661896e+00             -5.0791834019e+00
              4.7200000000e-01             -5.3639271439e+00             -5.0791834018e+00
              4.7300000000e-01             -5.3646901809e+00             -5.0791834017e+00
              4.7400000000e-01             -5.3654553020e+00             -5.0791834017e+00
              4.7500000000e-01             -5.3662225084e+00             -5.0791834016e+00
              4.7600000000e-01             -5.3669918014e+00             -5.0791834015e+00
              4.7700000000e-01             -5.3677631826e+00             -5.0791834014e+00
              4.7800000000e-01             -5.3685366533e+00             -5.0791834013e+00
              4.7900000000e-01             -5.3693122152e+00             -5.0791834012e+00
              4.8000000000e-01             -5.3700898700e+00             -5.0791834011e+00
              4.8100000000e-01             -5.3708696194e+00             -5.0791834010e+00
              4.8200000000e-01             -5.3716514652e+00             -5.0791834010e+00
              4.8300000000e-01             -5.3724354093e+00             -5.0791834009e+00
              4.8400000000e-01             -5.3732214538e+00             -5.0791834008e+00
              4.8500000000e-01             -5.3740096005e+00             -5.0791834007e+00
              4.8600000000e-01             -5.3747998517e+00             -5.0791834007e+00
              4.8700000000e-01             -5.3755922095e+00             -5.0791834006e+00
              4.8800000000e-01             -5.3763866763e+00             -5.0791834005e+00
              4.8900000000e-01             -5.3771832544e+00             -5.0791834004e+00
              4.9000000000e-01             -5.3779819462e+00             -5.0791834004e+00
              4.9100000000e-01             -5.3787827542e+00             -5.0791834003e+00
              4.9200000000e-01             -5.3795856811e+00             -5.0791834002e+00
              4.9300000000e-01             -5.3803907294e+00             -5.0791834002e+00
              4.9400000000e-01             -5.3811979019e+00             -5.0791834001e+00
              4.9500000000e-01             -5.3820072014e+00             -5.0791834001e+00
              4.9600000000e-01             -5.3828186309e+00             -5.0791834000e+00
              4.9700000000e-01             -5.3836321931e+00             -5.0791834000e+00
              4.9800000000e-01             -5.3844478913e+00             -5.0791833999e+00
              4.9900000000e-01             -5.3852657285e+00             -5.0791833999e+00
              5.0000000000e-01             -5.3860857079e+00             -5.0791833999e+00
              5.0100000000e-01             -5.3869078327e+00             -5.0791833999e+00
              5.0200000000e-01             -5.3877321064e+00             -5.0791833998e+00
              5.0300000000e-01             -5.3885585322e+00             -5.0791833998e+00
              5.0400000000e-01             -5.3893871138e+00             -5.0791833998e+00
              5.0500000000e-01             -5.3902178546e+00             -5.0791833998e+00
              5.0600000000e-01             -5.3910507584e+00             -5.0791833998e+00
              5.0700000000e-01             -5.3918858287e+00             -5.0791833997e+00
              5.0800000000e-01             -5.3927230695e+00             -5.0791833997e+00
              5.0900000000e-01             -5.3935624846e+00             -5.0791833997e+00
              5.1000000000e-01             -5.3944040779e+00             -5.0791833997e+00
              5.1100000000e-01             -5.3952478535e+00             -5.0791833997e+00
              5.1200000000e-01             -5.3960938154e+00             -5.0791833997e+00
              5.1300000000e-01             -5.3969419679e+00             -5.0791833997e+00
              5.1400000000e-01             -5.3977923151e+00             -5.0791833997e+00
              5.1500000000e-01             -5.3986448614e+00             -5.0791833997e+00
              5.1600000000e-01             -5.3994996112e+00             -5.0791833997e+00
              5.1700000000e-01             -5.4003565690e+00             -5.0791833996e+00
              5.1800000000e-01             -5.4012157393e+00             -5.0791833996e+00
              5.1900000000e-01             -5.4020771268e+00             -5.0791833996e+00
              5.2000000000e-01             -5.4029407362e+00             -5.0791833996e+00
              5.2100000000e-01             -5.4038065722e+00             -5.0791833996e+00
              5.2200000000e-01             -5.4046746397e+00             -5.0791833996e+00
              5.2300000000e-01             -5.4055449437e+00             -5.0791833995e+00
              5.2400000000e-01             -5.4064174891e+00             -5.0791833995e+00
              5.2500000000e-01             -5.4072922811e+00             -5.0791833995e+00
              5.2600000000e-01             -5.4081693249e+00             -5.0791833995e+00
              5.2700000000e-01             -5.4090486257e+00             -5.0791833995e+00
              5.2800000000e-01             -5.4099301887e+00             -5.0791833994e+00
              5.2900000000e-01             -5.4108140195e+00             -5.0791833994e+00
              5.3000000000e-01             -5.4117001235e+00             -5.0791833994e+00
              5.3100000000e-01             -5.4125885062e+00             -5.0791833994e+00
              5.3200000000e-01             -5.4134791734e+00             -5.0791833994e+00
              5.3300000000e-01             -5.4143721307e+00             -5.0791833993e+00
              5.3400000000e-01             -5.4152673839e+00             -5.0791833993e+00
              5.3500000000e-01             -5.4161649389e+00             -5.0791833993e+00
              5.3600000000e-01             -5.4170648017e+00             -5.0791833993e+00
              5.3700000000e-01             -5.4179669783e+00             -5.0791833993e+00
              5.3800000000e-01             -5.4188714748e+00             -5.0791833993e+00
              5.3900000000e-01             -5.4197782974e+00             -5.0791833993e+00
              5.4000000000e-01             -5.4206874524e+00             -5.0791833993e+00
              5.4100000000e-01             -5.4215989462e+00             -5.0791833993e+00
              5.4200000000e-01             -5.4225127852e+00             -5.0791833993e+00
              5.4300000000e-01             -5.4234289759e+00             -5.0791833993e+00
              5.4400000000e-01             -5.4243475250e+00             -5.0791833993e+00
              5.4500000000e-01             -5.4252684390e+00             -5.0791833993e+00
              5.4600000000e-01             -5.4261917249e+00             -5.0791833994e+00
              5.4700000000e-01             -5.4271173893e+00             -5.0791833994e+00
              5.4800000000e-01             -5.4280454394e+00             -5.0791833994e+00
              5.4900000000e-01             -5.4289758820e+00             -5.0791833994e+00
              5.5000000000e-01             -5.4299087244e+00             -5.0791833994e+00
              5.5100000000e-01             -5.4308439735e+00             -5.0791833994e+00
              5.5200000000e-01             -5.4317816369e+00             -5.0791833995e+00
              5.5300000000e-01             -5.4327217218e+00             -5.0791833995e+00
              5.5400000000e-01             -5.4336642356e+00             -5.0791833995e+00
              5.5500000000e-01             -5.4346091858e+00             -5.0791833995e+00
              5.5600000000e-01             -5.4355565802e+00             -5.0791833995e+00
              5.5700000000e-01             -5.4365064264e+00             -5.0791833995e+00
              5.5800000000e-01             -5.4374587321e+00             -5.0791833995e+00
              5.5900000000e-01             -5.4384135053e+00             -5.0791833995e+00
              5.6000000000e-01             -5.4393707539e+00             -5.0791833996e+00
              5.6100000000e-01             -5.4403304859e+00             -5.0791833996e+00
              5.6200000000e-01             -5.4412927096e+00             -5.0791833996e+00
              5.6300000000e-01             -5.4422574330e+00             -5.0791833996e+00
              5.6400000000e-01             -5.4432246646e+00             -5.0791833996e+00
              5.6500000000e-01             -5.4441944128e+00             -5.0791833996e+00
              5.6600000000e-01             -5.4451666860e+00             -5.0791833997e+00
              5.6700000000e-01             -5.4461414928e+00             -5.0791833997e+00
              5.6800000000e-01             -5.4471188420e+00             -5.0791833997e+00
              5.6900000000e-01             -5.4480987422e+00             -5.0791833997e+00
              5.7000000000e-01             -5.4490812024e+00             -5.0791833997e+00
              5.7100000000e-01             -5.4500662315e+00             -5.0791833998e+00
              5.7200000000e-01             -5.4510538385e+00             -5.0791833998e+00
              5.7300000000e-01             -5.4520440326e+00             -5.0791833998e+00
              5.7400000000e-01             -5.4530368231e+00             -5.0791833998e+00
              5.7500000000e-01             -5.4540322192e+00             -5.0791833998e+00
              5.7600000000e-01             -5.4550302305e+00             -5.0791833998e+00
              5.7700000000e-01             -5.4560308663e+00             -5.0791833999e+00
              5.7800000000e-01             -5.4570341365e+00             -5.0791833999e+00
              5.7900000000e-01             -5.4580400506e+00             -5.0791833999e+00
              5.8000000000e-01             -5.4590486185e+00             -5.0791833999e+00
              5.8100000000e-01             -5.4600598501e+00             -5.0791834000e+00
              5.8200000000e-01             -5.4610737554e+00             -5.0791834000e+00
              5.8300000000e-01             -5.4620903447e+00             -5.0791834000e+00
              5.8400000000e-01             -5.4631096279e+00             -5.0791834001e+00
              5.8500000000e-01             -5.4641316156e+00             -5.0791834001e+00
              5.8600000000e-01             -5.4651563181e+00             -5.0791834002e+00
              5.8700000000e-01             -5.4661837460e+00             -5.0791834002e+00
              5.8800000000e-01             -5.4672139098e+00             -5.0791834003e+00
              5.8900000000e-01             -5.4682468203e+00             -5.0791834003e+00
              5.9000000000e-01             -5.4692824883e+00             -5.0791834003e+00
              5.9100000000e-01             -5.4703209248e+00             -5.0791834004e+00
              5.9200000000e-01             -5.4713621409e+00             -5.0791834004e+00
              5.9300000000e-01             -5.4724061476e+00             -5.0791834004e+00
              5.9400000000e-01             -5.4734529564e+00             -5.0791834004e+00
              5.9500000000e-01             -5.4745025784e+00             -5.0791834004e+00
              5.9600000000e-01             -5.4755550253e+00             -5.0791834005e+00
              5.9700000000e-01             -5.4766103086e+00             -5.0791834005e+00
              5.9800000000e-01             -5.4776684401e+00             -5.0791834005e+00
              5.9900000000e-01             -5.4787294315e+00             -5.0791834005e+00
              6.0000000000e-01             -5.4797932947e+00             -5.0791834005e+00
              6.0100000000e-01             -5.4808600420e+00             -5.0791834006e+00
              6.0200000000e-01             -5.4819296853e+00             -5.0791834006e+00
              6.0300000000e-01             -5.4830022369e+00             -5.0791834006e+00
              6.0400000000e-01             -5.4840777094e+00             -5.0791834006e+00
              6.0500000000e-01             -5.4851561151e+00             -5.0791834006e+00
              6.0600000000e-01             -5.4862374668e+00             -5.0791834007e+00
              6.0700000000e-01             -5.4873217771e+00             -5.0791834007e+00
              6.0800000000e-01             -5.4884090589e+00             -5.0791834007e+00
              6.0900000000e-01             -5.4894993253e+00             -5.0791834007e+00
              6.1000000000e-01             -5.4905925892e+00             -5.0791834007e+00
              6.1100000000e-01             -5.4916888641e+00             -5.0791834007e+00
              6.1200000000e-01             -5.4927881632e+00             -5.0791834007e+00
              6.1300000000e-01             -5.4938905001e+00             -5.0791834006e+00
              6.1400000000e-01             -5.4949958883e+00             -5.0791834006e+00
              6.1500000000e-01             -5.4961043416e+00             -5.0791834007e+00
              6.1600000000e-01             -5.4972158738e+00             -5.0791834007e+00
              6.1700000000e-01             -5.4983304991e+00             -5.0791834007e+00
              6.1800000000e-01             -5.4994482314e+00             -5.0791834007e+00
              6.1900000000e-01             -5.5005690851e+00             -5.0791834007e+00
              6.2000000000e-01             -5.5016930746e+00             -5.0791834007e+00
              6.2100000000e-01             -5.5028202144e+00             -5.0791834008e+00
              6.2200000000e-01             -5.5039505191e+00             -5.0791834008e+00
              6.2300000000e-01             -5.5050840037e+00             -5.0791834008e+00
              6.2400000000e-01             -5.5062206829e+00             -5.0791834008e+00
              6.2500000000e-01             -5.5073605720e+00             -5.0791834008e+00
              6.2600000000e-01             -5.5085036861e+00             -5.0791834008e+00
              6.2700000000e-01             -5.5096500406e+00             -5.0791834008e+00
              6.2800000000e-01             -5.5107996510e+00             -5.0791834008e+00
              6.2900000000e-01             -5.5119525330e+00             -5.0791834009e+00
              6.3000000000e-01             -5.5131087023e+00             -5.0791834009e+00
              6.3100000000e-01             -5.5142681750e+00             -5.0791834009e+00
              6.3200000000e-01             -5.5154309671e+00             -5.0791834009e+00
              6.3300000000e-01             -5.5165970949e+00             -5.0791834008e+00
              6.3400000000e-01             -5.5177665747e+00             -5.0791834008e+00
              6.3500000000e-01             -5.5189394232e+00             -5.0791834008e+00
              6.3600000000e-01             -5.5201156570e+00             -5.0791834008e+00
              6.3700000000e-01             -5.5212952930e+00             -5.0791834008e+00
              6.3800000000e-01             -5.5224783483e+00             -5.0791834008e+00
              6.3900000000e-01             -5.5236648400e+00             -5.0791834008e+00
              6.4000000000e-01             -5.5248547854e+00             -5.0791834008e+00
              6.4100000000e-01             -5.5260482021e+00             -5.0791834008e+00
              6.4200000000e-01             -5.5272451077e+00             -5.0791834008e+00
              6.4300000000e-01             -5.5284455201e+00             -5.0791834008e+00
              6.4400000000e-01             -5.5296494573e+00             -5.0791834008e+00
              6.4500000000e-01             -5.5308569375e+00             -5.0791834008e+00
              6.4600000000e-01             -5.5320679789e+00             -5.0791834008e+00
              6.4700000000e-01             -5.5332826002e+00             -5.0791834008e+00
              6.4800000000e-01             -5.5345008200e+00             -5.0791834008e+00
              6.4900000000e-01             -5.5357226571e+00             -5.0791834008e+00
              6.5000000000e-01             -5.5369481307e+00             -5.0791834008e+00
              6.5100000000e-01             -5.5381772599e+00             -5.0791834008e+00
              6.5200000000e-01             -5.5394100642e+00             -5.0791834008e+00
              6.5300000000e-01             -5.5406465632e+00             -5.0791834009e+00
              6.5400000000e-01             -5.5418867766e+00             -5.0791834009e+00
              6.5500000000e-01             -5.5431307243e+00             -5.0791834009e+00
              6.5600000000e-01             -5.5443784267e+00             -5.0791834009e+00
              6.5700000000e-01             -5.5456299039e+00             -5.0791834010e+00
              6.5800000000e-01             -5.5468851766e+00             -5.0791834010e+00
              6.5900000000e-01             -5.5481442655e+00             -5.0791834010e+00
              6.6000000000e-01             -5.5494071915e+00             -5.0791834010e+00
              6.6100000000e-01             -5.5506739757e+00             -5.0791834011e+00
              6.6200000000e-01             -5.5519446395e+00             -5.0791834011e+00
              6.6300000000e-01             -5.5532192045e+00             -5.0791834012e+00
              6.6400000000e-01             -5.5544976924e+00             -5.0791834012e+00
              6.6500000000e-01             -5.5557801251e+00             -5.0791834012e+00
              6.6600000000e-01             -5.5570665248e+00             -5.0791834013e+00
              6.6700000000e-01             -5.5583569140e+00             -5.0791834013e+00
              6.6800000000e-01             -5.5596513151e+00             -5.0791834013e+00
              6.6900000000e-01             -5.5609497511e+00             -5.0791834013e+00
              6.7000000000e-01             -5.5622522449e+00             -5.0791834013e+00
              6.7100000000e-01             -5.5635588199e+00             -5.0791834013e+00
              6.7200000000e-01             -5.5648694995e+00             -5.0791834014e+00
              6.7300000000e-01             -5.5661843075e+00             -5.0791834014e+00
              6.7400000000e-01             -5.5675032678e+00             -5.0791834014e+00
              6.7500000000e-01             -5.5688264046e+00             -5.0791834014e+00
              6.7600000000e-01             -5.5701537423e+00             -5.0791834014e+00
              6.7700000000e-01             -5.5714853056e+00             -5.0791834015e+00
              6.7800000000e-01             -5.5728211195e+00             -5.0791834015e+00
              6.7900000000e-01             -5.5741612090e+00             -5.0791834015e+00
              6.8000000000e-01             -5.5755055996e+00             -5.0791834015e+00
              6.8100000000e-01             -5.5768543169e+00             -5.0791834015e+00
              6.8200000000e-01             -5.5782073869e+00             -5.0791834016e+00
              6.8300000000e-01             -5.5795648356e+00             -5.0791834016e+00
              6.8400000000e-01             -5.5809266897e+00             -5.0791834016e+00
              6.8500000000e-01             -5.5822929757e+00             -5.0791834017e+00
              6.8600000000e-01             -5.5836637206e+00             -5.0791834017e+00
              6.8700000000e-01             -5.5850389516e+00             -5.0791834017e+00
              6.8800000000e-01             -5.5864186962e+00             -5.0791834018e+00
              6.8900000000e-01             -5.5878029823e+00             -5.0791834018e+00
              6.9000000000e-01             -5.5891918379e+00             -5.0791834019e+00
              6.9100000000e-01             -5.5905852913e+00             -5.0791834019e+00
              6.9200000000e-01             -5.5919833712e+00             -5.0791834020e+00
              6.9300000000e-01             -5.5933861066e+00             -5.0791834020e+00
              6.9400000000e-01             -5.5947935265e+00             -5.0791834021e+00
              6.9500000000e-01             -5.5962056606e+00             -5.0791834021e+00
              6.9600000000e-01             -5.5976225387e+00             -5.0791834022e+00
              6.9700000000e-01             -5.5990441910e+00             -5.0791834022e+00
              6.9800000000e-01             -5.6004706478e+00             -5.0791834023e+00
              6.9900000000e-01             -5.6019019398e+00             -5.0791834023e+00
              7.0000000000e-01             -5.6033380984e+00             -5.0791834024e+00
              7.0100000000e-01             -5.6047791546e+00             -5.0791834024e+00
              7.0200000000e-01             -5.6062251405e+00             -5.0791834025e+00
              7.0300000000e-01             -5.6076760879e+00             -5.0791834025e+00
              7.0400000000e-01             -5.6091320292e+00             -5.0791834025e+00
              7.0500000000e-01             -5.6105929973e+00             -5.0791834026e+00
              7.0600000000e-01             -5.6120590252e+00             -5.0791834026e+00
              7.0700000000e-01             -5.6135301463e+00             -5.0791834026e+00
              7.0800000000e-01             -5.6150063944e+00             -5.0791834027e+00
              7.0900000000e-01             -5.6164878037e+00             -5.0791834027e+00
              7.1000000000e-01             -5.6179744086e+00             -5.0791834028e+00
              7.1100000000e-01             -5.6194662440e+00             -5.0791834029e+00
              7.1200000000e-01             -5.6209633452e+00             -5.0791834029e+00
              7.1300000000e-01             -5.6224657477e+00             -5.0791834030e+00
              7.1400000000e-01             -5.6239734876e+00             -5.0791834030e+00
              7.1500000000e-01             -5.6254866014e+00             -5.0791834031e+00
              7.1600000000e-01             -5.6270051256e+00             -5.0791834031e+00
              7.1700000000e-01             -5.6285290977e+00             -5.0791834032e+00
              7.1800000000e-01             -5.6300585551e+00             -5.0791834032e+00
              7.1900000000e-01             -5.6315935359e+00             -5.0791834032e+00
              7.2000000000e-01             -5.6331340784e+00             -5.0791834033e+00
              7.2100000000e-01             -5.6346802217e+00             -5.0791834034e+00
              7.2200000000e-01             -5.6362320048e+00             -5.0791834034e+00
              7.2300000000e-01             -5.6377894675e+00             -5.0791834035e+00
              7.2400000000e-01             -5.6393526499e+00             -5.0791834035e+00
              7.2500000000e-01             -5.6409215927e+00             -5.0791834036e+00
              7.2600000000e-01             -5.6424963369e+00             -5.0791834036e+00
              7.2700000000e-01             -5.6440769240e+00             -5.0791834037e+00
              7.2800000000e-01             -5.6456633960e+00             -5.0791834037e+00
              7.2900000000e-01             -5.6472557953e+00             -5.0791834038e+00
              7.3000000000e-01             -5.6488541649e+00             -5.0791834038e+00
              7.3100000000e-01             -5.6504585482e+00             -5.0791834039e+00
              7.3200000000e-01             -5.6520689890e+00             -5.0791834040e+00
              7.3300000000e-01             -5.6536855319e+00             -5.0791834040e+00
              7.3400000000e-01             -5.6553082216e+00             -5.0791834041e+00
              7.3500000000e-01             -5.6569371037e+00             -5.0791834042e+00
              7.3600000000e-01             -5.6585722241e+00             -5.0791834043e+00
              7.3700000000e-01             -5.6602136293e+00             -5.0791834043e+00
              7.3800000000e-01             -5.6618613663e+00             -5.0791834044e+00
              7.3900000000e-01             -5.6635154828e+00             -5.0791834044e+00
              7.4000000000e-01             -5.6651760268e+00             -5.0791834045e+00
              7.4100000000e-01             -5.6668430471e+00             -5.0791834046e+00
              7.4200000000e-01             -5.6685165929e+00             -5.0791834047e+00
              7.4300000000e-01             -5.6701967142e+00             -5.0791834047e+00
              7.4400000000e-01             -5.6718834612e+00             -5.0791834048e+00
              7.4500000000e-01             -5.6735768852e+00             -5.0791834049e+00
              7.4600000000e-01             -5.6752770378e+00             -5.0791834049e+00
              7.4700000000e-01             -5.6769839712e+00             -5.0791834050e+00
              7.4800000000e-01             -5.6786977384e+00             -5.0791834051e+00
              7.4900000000e-01             -5.6804183929e+00             -5.0791834051e+00
              7.5000000000e-01             -5.6821459889e+00             -5.0791834051e+00
              7.5100000000e-01             -5.6838805813e+00             -5.0791834052e+00
              7.5200000000e-01             -5.6856222256e+00             -5.0791834052e+00
              7.5300000000e-01             -5.6873709781e+00             -5.0791834053e+00
              7.5400000000e-01             -5.6891268956e+00             -5.0791834053e+00
              7.5500000000e-01             -5.6908900358e+00             -5.0791834054e+00
              7.5600000000e-01             -5.6926604570e+00             -5.0791834054e+00
              7.5700000000e-01             -5.6944382181e+00             -5.0791834055e+00
              7.5800000000e-01             -5.6962233791e+00             -5.0791834055e+00
              7.5900000000e-01             -5.6980160005e+00             -5.0791834056e+00
              7.6000000000e-01             -5.6998161435e+00             -5.0791834056e+00
              7.6100000000e-01             -5.7016238703e+00             -5.0791834057e+00
              7.6200000000e-01             -5.7034392437e+00             -5.0791834057e+00
              7.6300000000e-01             -5.7052623274e+00             -5.0791834058e+00
              7.6400000000e-01             -5.7070931858e+00             -5.0791834058e+00
              7.6500000000e-01             -5.7089318843e+00             -5.0791834059e+00
              7.6600000000e-01             -5.7107784891e+00             -5.0791834059e+00
              7.6700000000e-01             -5.7126330671e+00             -5.0791834060e+00
              7.6800000000e-01             -5.7144956862e+00             -5.0791834060e+00
              7.6900000000e-01             -5.7163664152e+00             -5.0791834061e+00
              7.7000000000e-01             -5.7182453238e+00             -5.0791834061e+00
              7.7100000000e-01             -5.7201324827e+00             -5.0791834062e+00
              7.7200000000e-01             -5.7220279631e+00             -5.0791834062e+00
              7.7300000000e-01             -5.7239318378e+00             -5.0791834062e+00
              7.7400000000e-01             -5.7258441801e+00             -5.0791834063e+00
              7.7500000000e-01             -5.7277650645e+00             -5.0791834063e+00
              7.7600000000e-01             -5.7296945664e+00             -5.0791834064e+00
              7.7700000000e-01             -5.7316327622e+00             -5.0791834064e+00
              7.7800000000e-01             -5.7335797294e+00             -5.0791834065e+00
              7.7900000000e-01             -5.7355355466e+00             -5.0791834065e+00
              7.8000000000e-01             -5.7375002934e+00             -5.0791834066e+00
              7.8100000000e-01             -5.7394740505e+00             -5.0791834066e+00
              7.8200000000e-01             -5.7414568997e+00             -5.0791834066e+00
              7.8300000000e-01             -5.7434489241e+00             -5.0791834067e+00
              7.8400000000e-01             -5.7454502077e+00             -5.0791834067e+00
              7.8500000000e-01             -5.7474608358e+00             -5.0791834068e+00
              7.8600000000e-01             -5.7494808949e+00             -5.0791834068e+00
              7.8700000000e-01             -5.7515104728e+00             -5.0791834068e+00
              7.8800000000e-01             -5.7535496584e+00             -5.0791834069e+00
              7.8900000000e-01             -5.7555985419e+00             -5.0791834069e+00
              7.9000000000e-01             -5.7576572150e+00             -5.0791834070e+00
              7.9100000000e-01             -5.7597257703e+00             -5.0791834070e+00
              7.9200000000e-01             -5.7618043022e+00             -5.0791834070e+00
              7.9300000000e-01             -5.7638929061e+00             -5.0791834070e+00
              7.9400000000e-01             -5.7659916790e+00             -5.0791834071e+00
              7.9500000000e-01             -5.7681007193e+00             -5.0791834071e+00
              7.9600000000e-01             -5.7702201268e+00             -5.0791834071e+00
              7.9700000000e-01             -5.7723500029e+00             -5.0791834071e+00
              7.9800000000e-01             -5.7744904502e+00             -5.0791834071e+00
              7.9900000000e-01             -5.7766415733e+00             -5.0791834071e+00
              8.0000000000e-01             -5.7788034778e+00             -5.0791834071e+00
              8.0100000000e-01             -5.7809762715e+00             -5.0791834072e+00
              8.0200000000e-01             -5.7831600634e+00             -5.0791834072e+00
              8.0300000000e-01             -5.7853549643e+00             -5.0791834072e+00
              8.0400000000e-01             -5.7875610867e+00             -5.0791834072e+00
              8.0500000000e-01             -5.7897785449e+00             -5.0791834072e+00
              8.0600000000e-01             -5.7920074548e+00             -5.0791834072e+00
              8.0700000000e-01             -5.7942479343e+00             -5.0791834073e+00
              8.0800000000e-01             -5.7965001030e+00             -5.0791834073e+00
              8.0900000000e-01             -5.7987640825e+00             -5.0791834073e+00
              8.1000000000e-01             -5.8010399961e+00             -5.0791834073e+00
              8.1100000000e-01             -5.8033279694e+00             -5.0791834073e+00
              8.1200000000e-01             -5.8056281296e+00             -5.0791834073e+00
              8.1300000000e-01             -5.8079406064e+00             -5.0791834074e+00
              8.1400000000e-01             -5.8102655311e+00             -5.0791834074e+00
              8.1500000000e-01             -5.8126030375e+00             -5.0791834074e+00
              8.1600000000e-01             -5.8149532614e+00             -5.0791834074e+00
              8.1700000000e-01             -5.8173163410e+00             -5.0791834075e+00
              8.1800000000e-01             -5.8196924165e+00             -5.0791834075e+00
              8.1900000000e-01             -5.8220816306e+00             -5.0791834075e+00
              8.2000000000e-01             -5.8244841285e+00             -5.0791834075e+00
              8.2100000000e-01             -5.8269000576e+00             -5.0791834075e+00
              8.2200000000e-01             -5.8293295678e+00             -5.0791834075e+00
              8.2300000000e-01             -5.8317728118e+00             -5.0791834075e+00
              8.2400000000e-01             -5.8342299445e+00             -5.0791834075e+00
              8.2500000000e-01             -5.8367011238e+00             -5.0791834075e+00
              8.2600000000e-01             -5.8391865102e+00             -5.0791834075e+00
              8.2700000000e-01             -5.8416862669e+00             -5.0791834075e+00
              8.2800000000e-01             -5.8442005600e+00             -5.0791834075e+00
              8.2900000000e-01             -5.8467295586e+00             -5.0791834075e+00
              8.3000000000e-01             -5.8492734347e+00             -5.0791834075e+00
              8.3100000000e-01             -5.8518323632e+00             -5.0791834075e+00
              8.3200000000e-01             -5.8544065225e+00             -5.0791834075e+00
              8.3300000000e-01             -5.8569960937e+00             -5.0791834074e+00
              8.3400000000e-01             -5.8596012617e+00             -5.0791834074e+00
              8.3500000000e-01             -5.8622222144e+00             -5.0791834074e+00
              8.3600000000e-01             -5.8648591432e+00             -5.0791834074e+00
              8.3700000000e-01             -5.8675122431e+00             -5.0791834074e+00
              8.3800000000e-01             -5.8701817126e+00             -5.0791834074e+00
              8.3900000000e-01             -5.8728677540e+00             -5.0791834074e+00
              8.4000000000e-01             -5.8755705733e+00             -5.0791834074e+00
              8.4100000000e-01             -5.8782903804e+00             -5.0791834074e+00
              8.4200000000e-01             -5.8810273891e+00             -5.0791834074e+00
              8.4300000000e-01             -5.8837818176e+00             -5.0791834074e+00
              8.4400000000e-01             -5.8865538879e+00             -5.0791834074e+00
              8.4500000000e-01             -5.8893438264e+00             -5.0791834074e+00
              8.4600000000e-01             -5.8921518640e+00             -5.0791834074e+00
              8.4700000000e-01             -5.8949782361e+00             -5.0791834074e+00
              8.4800000000e-01             -5.8978231826e+00             -5.0791834074e+00
              8.4900000000e-01             -5.9006869483e+00             -5.0791834074e+00
              8.5000000000e-01             -5.9035697828e+00             -5.0791834074e+00
              8.5100000000e-01             -5.9064719409e+00             -5.0791834074e+00
              8.5200000000e-01             -5.9093936823e+00             -5.0791834074e+00
              8.5300000000e-01             -5.9123352720e+00             -5.0791834075e+00
              8.5400000000e-01             -5.9152969806e+00             -5.0791834074e+00
              8.5500000000e-01             -5.9182790843e+00             -5.0791834075e+00
              8.5600000000e-01             -5.9212818648e+00             -5.0791834075e+00
              8.5700000000e-01             -5.9243056099e+00             -5.0791834075e+00
              8.5800000000e-01             -5.9273506133e+00             -5.0791834075e+00
              8.5900000000e-01             -5.9304171752e+00             -5.0791834075e+00
              8.6000000000e-01             -5.9335056020e+00             -5.0791834075e+00
              8.6100000000e-01             -5.9366162067e+00             -5.0791834075e+00
              8.6200000000e-01             -5.9397493091e+00             -5.0791834075e+00
              8.6300000000e-01             -5.9429052361e+00             -5.0791834076e+00
              8.6400000000e-01             -5.9460843216e+00             -5.0791834076e+00
              8.6500000000e-01             -5.9492869071e+00             -5.0791834076e+00
              8.6600000000e-01             -5.9525133415e+00             -5.0791834076e+00
              8.6700000000e-01             -5.9557639817e+00             -5.0791834076e+00
              8.6800000000e-01             -5.9590391928e+00             -5.0791834076e+00
              8.6900000000e-01             -5.9623393478e+00             -5.0791834076e+00
              8.7000000000e-01             -5.9656648288e+00             -5.0791834076e+00
              8.7100000000e-01             -5.9690160264e+00             -5.0791834076e+00
              8.7200000000e-01             -5.9723933405e+00             -5.0791834076e+00
              8.7300000000e-01             -5.9757971804e+00             -5.0791834076e+00
              8.7400000000e-01             -5.9792279649e+00             -5.0791834076e+00
              8.7500000000e-01             -5.9826861231e+00             -5.0791834076e+00
              8.7600000000e-01             -5.9861720944e+00             -5.0791834077e+00
              8.7700000000e-01             -5.9896863287e+00             -5.0791834077e+00
              8.7800000000e-01             -5.9932292870e+00             -5.0791834077e+00
              8.7900000000e-01             -5.9968014418e+00             -5.0791834077e+00
              8.8000000000e-01             -6.0004032772e+00             -5.0791834078e+00
              8.8100000000e-01             -6.0040352896e+00             -5.0791834078e+00
              8.8200000000e-01             -6.0076979880e+00             -5.0791834078e+00
              8.8300000000e-01             -6.0113918941e+00             -5.0791834078e+00
              8.8400000000e-01             -6.0151175434e+00             -5.0791834079e+00
              8.8500000000e-01             -6.0188754851e+00             -5.0791834078e+00
              8.8600000000e-01             -6.0226662830e+00             -5.0791834079e+00
              8.8700000000e-01             -6.0264905155e+00             -5.0791834079e+00
              8.8800000000e-01             -6.0303487767e+00             -5.0791834078e+00
              8.8900000000e-01             -6.0342416766e+00             -5.0791834079e+00
              8.9000000000e-01             -6.0381698416e+00             -5.0791834079e+00
              8.9100000000e-01             -6.0421339157e+00             -5.0791834079e+00
              8.9200000000e-01             -6.0461345601e+00             -5.0791834079e+00
              8.9300000000e-01             -6.0501724550e+00             -5.0791834080e+00
              8.9400000000e-01             -6.0542482995e+00             -5.0791834079e+00
              8.9500000000e-01             -6.0583628127e+00             -5.0791834080e+00
              8.9600000000e-01             -6.0625167342e+00             -5.0791834080e+00
              8.9700000000e-01             -6.0667108252e+00             -5.0791834080e+00
              8.9800000000e-01             -6.0709458690e+00             -5.0791834080e+00
              8.9900000000e-01             -6.0752226723e+00             -5.0791834080e+00
              9.0000000000e-01             -6.0795420656e+00             -5.0791834080e+00
              9.0100000000e-01             -6.0839049048e+00             -5.0791834080e+00
              9.0200000000e-01             -6.0883120715e+00             -5.0791834080e+00
              9.0300000000e-01             -6.0927644747e+00             -5.0791834081e+00
              9.0400000000e-01             -6.0972630516e+00             -5.0791834080e+00
              9.0500000000e-01             -6.1018087687e+00             -5.0791834081e+00
              9.0600000000e-01             -6.1064026234e+00             -5.0791834080e+00
              9.0700000000e-01             -6.1110456450e+00             -5.0791834081e+00
              9.0800000000e-01             -6.1157388962e+00             -5.0791834080e+00
              9.0900000000e-01             -6.1204834745e+00             -5.0791834081e+00
              9.1000000000e-01             -6.1252805139e+00             -5.0791834081e+00
              9.1100000000e-01             -6.1301311863e+00             -5.0791834080e+00
              9.1200000000e-01             -6.1350367035e+00             -5.0791834081e+00
              9.1300000000e-01             -6.1399983186e+00             -5.0791834081e+00
              9.1400000000e-01             -6.1450173283e+00             -5.0791834081e+00
              9.1500000000e-01             -6.1500950749e+00             -5.0791834081e+00
              9.1600000000e-01             -6.1552329483e+00             -5.0791834081e+00
              9.1700000000e-01             -6.1604323882e+00             -5.0791834081e+00
              9.1800000000e-01             -6.1656948868e+00             -5.0791834082e+00
              9.1900000000e-01             -6.1710219913e+00             -5.0791834081e+00
              9.2000000000e-01             -6.1764153063e+00             -5.0791834082e+00
              9.2100000000e-01             -6.1818764973e+00             -5.0791834082e+00
              9.2200000000e-01             -6.1874072933e+00             -5.0791834082e+00
              9.2300000000e-01             -6.1930094900e+00             -5.0791834082e+00
              9.2400000000e-01             -6.1986849541e+00             -5.0791834083e+00
              9.2500000000e-01             -6.2044356258e+00             -5.0791834082e+00
              9.2600000000e-01             -6.2102635241e+00             -5.0791834083e+00
              9.2700000000e-01             -6.2161707498e+00             -5.0791834083e+00
              9.2800000000e-01             -6.2221594911e+00             -5.0791834083e+00
              9.2900000000e-01             -6.2282320278e+00             -5.0791834083e+00
              9.3000000000e-01             -6.2343907369e+00             -5.0791834083e+00
              9.3100000000e-01             -6.2406380977e+00             -5.0791834083e+00
              9.3200000000e-01             -6.2469766983e+00             -5.0791834083e+00
              9.3300000000e-01             -6.2534092421e+00             -5.0791834083e+00
              9.3400000000e-01             -6.2599385539e+00             -5.0791834083e+00
              9.3500000000e-01             -6.2665675884e+00             -5.0791834083e+00
              9.3600000000e-01             -6.2732994374e+00             -5.0791834083e+00
              9.3700000000e-01             -6.2801373391e+00             -5.0791834084e+00
              9.3800000000e-01             -6.2870846867e+00             -5.0791834083e+00
              9.3900000000e-01             -6.2941450395e+00             -5.0791834084e+00
              9.4000000000e-01             -6.3013221328e+00             -5.0791834084e+00
              9.4100000000e-01             -6.3086198908e+00             -5.0791834085e+00
              9.4200000000e-01             -6.3160424382e+00             -5.0791834084e+00
              9.4300000000e-01             -6.3235941158e+00             -5.0791834085e+00
              9.4400000000e-01             -6.3312794942e+00             -5.0791834085e+00
              9.4500000000e-01             -6.3391033917e+00             -5.0791834085e+00
              9.4600000000e-01             -6.3470708912e+00             -5.0791834085e+00
              9.4700000000e-01             -6.3551873612e+00             -5.0791834086e+00
              9.4800000000e-01             -6.3634584767e+00             -5.0791834085e+00
              9.4900000000e-01             -6.3718902437e+00             -5.0791834086e+00
              9.5000000000e-01             -6.3804890245e+00             -5.0791834085e+00
              9.5100000000e-01             -6.3892615676e+00             -5.0791834086e+00
              9.5200000000e-01             -6.3982150384e+00             -5.0791834085e+00
              9.5300000000e-01             -6.4073570556e+00             -5.0791834086e+00
              9.5400000000e-01             -6.4166957289e+00             -5.0791834085e+00
              9.5500000000e-01             -6.4262397032e+00             -5.0791834085e+00
              9.5600000000e-01             -6.4359982062e+00             -5.0791834085e+00
              9.5700000000e-01             -6.4459811019e+00             -5.0791834084e+00
              9.5800000000e-01             -6.4561989511e+00             -5.0791834085e+00
              9.5900000000e-01             -6.4666630777e+00             -5.0791834084e+00
              9.6000000000e-01             -6.4773856451e+00             -5.0791834084e+00
              9.6100000000e-01             -6.4883797402e+00             -5.0791834083e+00
              9.6200000000e-01             -6.4996594704e+00             -5.0791834084e+00
              9.6300000000e-01             -6.5112400714e+00             -5.0791834083e+00
              9.6400000000e-01             -6.5231380320e+00             -5.0791834084e+00
              9.6500000000e-01             -6.5353712342e+00             -5.0791834083e+00
              9.6600000000e-01             -6.5479591161e+00             -5.0791834084e+00
              9.6700000000e-01             -6.5609228561e+00             -5.0791834083e+00
              9.6800000000e-01             -6.5742855891e+00             -5.0791834084e+00
              9.6900000000e-01             -6.5880726533e+00             -5.0791834083e+00
              9.7000000000e-01             -6.6023118806e+00             -5.0791834084e+00
              9.7100000000e-01             -6.6170339336e+00             -5.0791834083e+00
              9.7200000000e-01             -6.6322727048e+00             -5.0791834084e+00
              9.7300000000e-01             -6.6480657845e+00             -5.0791834083e+00
              9.7400000000e-01             -6.6644550215e+00             -5.0791834084e+00
              9.7500000000e-01             -6.6814871894e+00             -5.0791834083e+00
              9.7600000000e-01             -6.6992147932e+00             -5.0791834084e+00
              9.7700000000e-01             -6.7176970433e+00             -5.0791834083e+00
              9.7800000000e-01             -6.7370010508e+00             -5.0791834082e+00
              9.7900000000e-01             -6.7572032972e+00             -5.0791834083e+00
              9.8000000000e-01             -6.7783914639e+00             -5.0791834082e+00
              9.8100000000e-01             -6.8006667343e+00             -5.0791834084e+00
              9.8200000000e-01             -6.8241467131e+00             -5.0791834082e+00
              9.8300000000e-01             -6.8489691876e+00             -5.0791834084e+00
              9.8400000000e-01             -6.8752970243e+00             -5.0791834082e+00
              9.8500000000e-01             -6.9033246536e+00             -5.0791834084e+00
              9.8600000000e-01             -6.9332867897e+00             -5.0791834082e+00
              9.8700000000e-01             -6.9654703935e+00             -5.0791834085e+00
              9.8800000000e-01             -7.0002314269e+00             -5.0791834082e+00
              9.8900000000e-01             -7.0380189227e+00             -5.0791834085e+00
              9.9000000000e-01             -7.0794105494e+00             -5.0791834082e+00
              9.9100000000e-01             -7.1251669892e+00             -5.0791834086e+00
              9.9200000000e-01             -7.1763184672e+00             -5.0791834082e+00
              9.9300000000e-01             -7.2343093775e+00             -5.0791834087e+00
              9.9400000000e-01             -7.3012551366e+00             -5.0791834082e+00
              9.9500000000e-01             -7.3804353600e+00             -5.0791834088e+00
              9.9600000000e-01             -7.4773443559e+00             -5.0791834082e+00
              9.9700000000e-01             -7.6022820838e+00             -5.0791834092e+00
              9.9800000000e-01             -7.7783723389e+00             -5.0791834082e+00
              9.9900000000e-01             -8.0794013410e+00             -5.0791834109e+00
