              1.0000000000e-02             -4.1491472263e+00             -3.0793983614e+00
              2.0000000000e-02             -3.8718443583e+00             -3.0793983614e+00
              3.0000000000e-02             -3.7192156936e+00             -3.0793983614e+00
              4.0000000000e-02             -3.6174771960e+00             -3.0793983614e+00
              5.0000000000e-02             -3.5435075152e+00             -3.0793983614e+00
              6.0000000000e-02             -3.4870094093e+00             -3.0793983614e+00
              7.0000000000e-02             -3.4424915437e+00             -3.0793983614e+00
              8.0000000000e-02             -3.4066775366e+00             -3.0793983614e+00
              9.0000000000e-02             -3.3774554509e+00             -3.0793983614e+00
              1.0000000000e-01             -3.3533846176e+00             -3.0793983614e+00
              1.1000000000e-01             -3.3334387685e+00             -3.0793983614e+00
              1.2000000000e-01             -3.3168614082e+00             -3.0793983614e+00
              1.3000000000e-01             -3.3030792712e+00             -3.0793983614e+00
              1.4000000000e-01             -3.2916479401e+00             -3.0793983614e+00
              1.5000000000e-01             -3.2822162680e+00             -3.0793983614e+00
              1.6000000000e-01             -3.2745023031e+00             -3.0793983614e+00
              1.7000000000e-01             -3.2682765222e+00             -3.0793983614e+00
              1.8000000000e-01             -3.2633498622e+00             -3.0793983614e+00
              1.9000000000e-01             -3.2595649882e+00             -3.0793983614e+00
              2.0000000000e-01             -3.2567898034e+00             -3.0793983614e+00
              2.1000000000e-01             -3.2549125406e+00             -3.0793983614e+00
              2.2000000000e-01             -3.2538379969e+00             -3.0793983614e+00
              2.3000000000e-01             -3.2534846027e+00             -3.0793983614e+00
              2.4000000000e-01             -3.2537821158e+00             -3.0793983614e+00
              2.5000000000e-01             -3.2546697836e+00             -3.0793983614e+00
              2.6000000000e-01             -3.2560948671e+00             -3.0793983614e+00
              2.7000000000e-01             -3.2580114419e+00             -3.0793983614e+00
              2.8000000000e-01             -3.2603794173e+00             -3.0793983614e+00
              2.9000000000e-01             -3.2631637278e+00             -3.0793983614e+00
              3.0000000000e-01             -3.2663336617e+00             -3.0793983614e+00
              3.1000000000e-01             -3.2698623002e+00             -3.0793983614e+00
              3.2000000000e-01             -3.2737260458e+00             -3.0793983614e+00
              3.3000000000e-01             -3.2779042242e+00             -3.0793983614e+00
              3.4000000000e-01             -3.2823787467e+00             -3.0793983614e+00
              3.5000000000e-01             -3.2871338221e+00             -3.0793983614e+00
              3.6000000000e-01             -3.2921557111e+00             -3.0793983614e+00
              3.7000000000e-01             -3.2974325151e+00             -3.0793983614e+00
              3.8000000000e-01             -3.3029539954e+00             -3.0793983614e+00
              3.9000000000e-01             -3.3087114171e+00             -3.0793983614e+00
              4.0000000000e-01             -3.3146974154e+00             -3.0793983614e+00
              4.1000000000e-01             -3.3209058802e+00             -3.0793983614e+00
              4.2000000000e-01             -3.3273318572e+00             -3.0793983614e+00
              4.3000000000e-01             -3.3339714631e+00             -3.0793983614e+00
              4.4000000000e-01             -3.3408218139e+00             -3.0793983614e+00
              4.5000000000e-01             -3.3478809638e+00             -3.0793983614e+00
              4.6000000000e-01             -3.3551478552e+00             -3.0793983614e+00
              4.7000000000e-01             -3.3626222766e+00             -3.0793983614e+00
              4.8000000000e-01             -3.3703048303e+00             -3.0793983614e+00
              4.9000000000e-01             -3.3781969072e+00             -3.0793983614e+00
              5.0000000000e-01             -3.3863006694e+00             -3.0793983614e+00
              5.1000000000e-01             -3.3946190396e+00             -3.0793983614e+00
              5.2000000000e-01             -3.4031556980e+00             -3.0793983614e+00
              5.3000000000e-01             -3.4119150855e+00             -3.0793983614e+00
              5.4000000000e-01             -3.4209024146e+00             -3.0793983614e+00
              5.5000000000e-01             -3.4301236863e+00             -3.0793983614e+00
              5.6000000000e-01             -3.4395857157e+00             -3.0793983614e+00
              5.7000000000e-01             -3.4492961640e+00             -3.0793983614e+00
              5.8000000000e-01             -3.4592635799e+00             -3.0793983614e+00
              5.9000000000e-01             -3.4694974494e+00             -3.0793983614e+00
              6.0000000000e-01             -3.4800082556e+00             -3.0793983614e+00
              6.1000000000e-01             -3.4908075500e+00             -3.0793983614e+00
              6.2000000000e-01             -3.5019080353e+00             -3.0793983614e+00
              6.3000000000e-01             -3.5133236629e+00             -3.0793983614e+00
              6.4000000000e-01             -3.5250697460e+00             -3.0793983614e+00
              6.5000000000e-01             -3.5371630913e+00             -3.0793983614e+00
              6.6000000000e-01             -3.5496221518e+00             -3.0793983614e+00
              6.7000000000e-01             -3.5624672050e+00             -3.0793983614e+00
              6.8000000000e-01             -3.5757205595e+00             -3.0793983614e+00
              6.9000000000e-01             -3.5894067974e+00             -3.0793983614e+00
              7.0000000000e-01             -3.6035530574e+00             -3.0793983614e+00
              7.1000000000e-01             -3.6181893672e+00             -3.0793983614e+00
              7.2000000000e-01             -3.6333490366e+00             -3.0793983614e+00
              7.3000000000e-01             -3.6490691225e+00             -3.0793983614e+00
              7.4000000000e-01             -3.6653909837e+00             -3.0793983614e+00
              7.5000000000e-01             -3.6823609452e+00             -3.0793983614e+00
              7.6000000000e-01             -3.7000310993e+00             -3.0793983614e+00
              7.7000000000e-01             -3.7184602791e+00             -3.0793983614e+00
              7.8000000000e-01             -3.7377152482e+00             -3.0793983614e+00
              7.9000000000e-01             -3.7578721694e+00             -3.0793983614e+00
              8.0000000000e-01             -3.7790184321e+00             -3.0793983614e+00
              8.1000000000e-01             -3.8012549502e+00             -3.0793983614e+00
              8.2000000000e-01             -3.8246990824e+00             -3.0793983614e+00
              8.3000000000e-01             -3.8494883886e+00             -3.0793983614e+00
              8.4000000000e-01             -3.8757855273e+00             -3.0793983614e+00
              8.5000000000e-01             -3.9037847368e+00             -3.0793983614e+00
              8.6000000000e-01             -3.9337205559e+00             -3.0793983614e+00
              8.7000000000e-01             -3.9658797826e+00             -3.0793983614e+00
              8.8000000000e-01             -4.0006182308e+00             -3.0793983614e+00
              8.9000000000e-01             -4.0383847952e+00             -3.0793983614e+00
              9.0000000000e-01             -4.0797570190e+00             -3.0793983614e+00
              9.1000000000e-01             -4.1254954673e+00             -3.0793983614e+00
              9.2000000000e-01             -4.1766302596e+00             -3.0793983614e+00
              9.3000000000e-01             -4.2346056900e+00             -3.0793983614e+00
              9.4000000000e-01             -4.3015370858e+00             -3.0793983614e+00
              9.5000000000e-01             -4.3807039774e+00             -3.0793983614e+00
              9.6000000000e-01             -4.4776005981e+00             -3.0793983614e+00
              9.7000000000e-01             -4.6025268336e+00             -3.0793983614e+00
              9.8000000000e-01             -4.7786064171e+00             -3.0793983614e+00
              9.9000000000e-01             -5.0796255026e+00             -3.0793983614e+00
