              0.0000000000e+00              0.0000000000e+00
              1.0000000000e-01              5.3212509882e-01
              2.0000000000e-01              6.6467379675e-01
              3.0000000000e-01              6.5022655161e-01
              4.0000000000e-01              5.8170252108e-01
              5.0000000000e-01              4.9328475297e-01
              6.0000000000e-01              3.9754848778e-01
              7.0000000000e-01              2.9911989799e-01
              8.0000000000e-01              1.9970085732e-01
              9.0000000000e-01              9.9917450133e-02
              1.0000000000e+00              5.8885730493e-18
