              0.0000000000e+00              0.0000000000e+00
              1.0000000000e-02              8.5163035963e-02
              2.0000000000e-02              1.6127015492e-01
              3.0000000000e-02              2.2918314132e-01
              4.0000000000e-02              2.8968176996e-01
              5.0000000000e-02              3.4347161028e-01
              6.0000000000e-02              3.9119108790e-01
              7.0000000000e-02              4.3341787420e-01
              8.0000000000e-02              4.7067466788e-01
              9.0000000000e-02              5.0343442625e-01
              1.0000000000e-01              5.3212509882e-01
              1.1000000000e-01              5.5713391029e-01
              1.2000000000e-01              5.7881123608e-01
              1.3000000000e-01              5.9747410896e-01
              1.4000000000e-01              6.1340939205e-01
              1.5000000000e-01              6.2687664984e-01
              1.6000000000e-01              6.3811074599e-01
              1.7000000000e-01              6.4732419394e-01
              1.8000000000e-01              6.5470928377e-01
              1.9000000000e-01              6.6044000676e-01
              2.0000000000e-01              6.6467379675e-01
              2.1000000000e-01              6.6755310573e-01
              2.2000000000e-01              6.6920682962e-01
              2.3000000000e-01              6.6975159826e-01
              2.4000000000e-01              6.6929294269e-01
              2.5000000000e-01              6.6792635136e-01
              2.6000000000e-01              6.6573822577e-01
              2.7000000000e-01              6.6280674524e-01
              2.8000000000e-01              6.5920264936e-01
              2.9000000000e-01              6.5498994592e-01
              3.0000000000e-01              6.5022655161e-01
              3.1000000000e-01              6.4496487158e-01
              3.2000000000e-01              6.3925232400e-01
              3.3000000000e-01              6.3313181458e-01
              3.4000000000e-01              6.2664216602e-01
              3.5000000000e-01              6.1981850655e-01
              3.6000000000e-01              6.1269262153e-01
              3.7000000000e-01              6.0529327150e-01
              3.8000000000e-01              5.9764648012e-01
              3.9000000000e-01              5.8977579453e-01
              4.0000000000e-01              5.8170252108e-01
              4.1000000000e-01              5.7344593857e-01
              4.2000000000e-01              5.6502349115e-01
              4.3000000000e-01              5.5645096296e-01
              4.4000000000e-01              5.4774263607e-01
              4.5000000000e-01              5.3891143343e-01
              4.6000000000e-01              5.2996904822e-01
              4.7000000000e-01              5.2092606087e-01
              4.8000000000e-01              5.1179204492e-01
              4.9000000000e-01              5.0257566289e-01
              5.0000000000e-01              4.9328475297e-01
              5.1000000000e-01              4.8392640740e-01
              5.2000000000e-01              4.7450704354e-01
              5.3000000000e-01              4.6503246806e-01
              5.4000000000e-01              4.5550793502e-01
              5.5000000000e-01              4.4593819852e-01
              5.6000000000e-01              4.3632756024e-01
              5.7000000000e-01              4.2667991250e-01
              5.8000000000e-01              4.1699877721e-01
              5.9000000000e-01              4.0728734114e-01
              6.0000000000e-01              3.9754848778e-01
              6.1000000000e-01              3.8778482624e-01
              6.2000000000e-01              3.7799871732e-01
              6.3000000000e-01              3.6819229718e-01
              6.4000000000e-01              3.5836749868e-01
              6.5000000000e-01              3.4852607076e-01
              6.6000000000e-01              3.3866959592e-01
              6.7000000000e-01              3.2879950605e-01
              6.8000000000e-01              3.1891709680e-01
              6.9000000000e-01              3.0902354052e-01
              7.0000000000e-01              2.9911989799e-01
              7.1000000000e-01              2.8920712903e-01
              7.2000000000e-01              2.7928610214e-01
              7.3000000000e-01              2.6935760317e-01
              7.4000000000e-01              2.5942234319e-01
              7.5000000000e-01              2.4948096558e-01
              7.6000000000e-01              2.3953405251e-01
              7.7000000000e-01              2.2958213076e-01
              7.8000000000e-01              2.1962567697e-01
              7.9000000000e-01              2.0966512240e-01
              8.0000000000e-01              1.9970085732e-01
              8.1000000000e-01              1.8973323481e-01
              8.2000000000e-01              1.7976257437e-01
              8.3000000000e-01              1.6978916511e-01
              8.4000000000e-01              1.5981326862e-01
              8.5000000000e-01              1.4983512157e-01
              8.6000000000e-01              1.3985493815e-01
              8.7000000000e-01              1.2987291213e-01
              8.8000000000e-01              1.1988921886e-01
              8.9000000000e-01              1.0990401701e-01
              9.0000000000e-01              9.9917450133e-02
              9.1000000000e-01              8.9929648128e-02
              9.2000000000e-01              7.9940728534e-02
              9.3000000000e-01              6.9950797703e-02
              9.4000000000e-01              5.9959951868e-02
              9.5000000000e-01              4.9968278103e-02
              9.6000000000e-01              3.9975855196e-02
              9.7000000000e-01              2.9982754437e-02
              9.8000000000e-01              1.9989040332e-02
              9.9000000000e-01              9.9947712484e-03
              1.0000000000e+00              5.8885730493e-18
