              0.0000000000e+00              0.0000000000e+00
              1.0000000000e-03              8.9502116508e-03
              2.0000000000e-03              1.7801417493e-02
              3.0000000000e-03              2.6554602651e-02
              4.0000000000e-03              3.5210742447e-02
              5.0000000000e-03              4.3770802499e-02
              6.0000000000e-03              5.2235738815e-02
              7.0000000000e-03              6.0606497894e-02
              8.0000000000e-03              6.8884016813e-02
              9.0000000000e-03              7.7069223328e-02
              1.0000000000e-02              8.5163035963e-02
              1.1000000000e-02              9.3166364103e-02
              1.2000000000e-02              1.0108010808e-01
              1.3000000000e-02              1.0890515928e-01
              1.4000000000e-02              1.1664240020e-01
              1.5000000000e-02              1.2429270457e-01
              1.6000000000e-02              1.3185693743e-01
              1.7000000000e-02              1.3933595520e-01
              1.8000000000e-02              1.4673060579e-01
              1.9000000000e-02              1.5404172866e-01
              2.0000000000e-02              1.6127015492e-01
              2.1000000000e-02              1.6841670743e-01
              2.2000000000e-02              1.7548220084e-01
              2.3000000000e-02              1.8246744170e-01
              2.4000000000e-02              1.8937322853e-01
              2.5000000000e-02              1.9620035193e-01
              2.6000000000e-02              2.0294959459e-01
              2.7000000000e-02              2.0962173146e-01
              2.8000000000e-02              2.1621752974e-01
              2.9000000000e-02              2.2273774902e-01
              3.0000000000e-02              2.2918314132e-01
              3.1000000000e-02              2.3555445117e-01
              3.2000000000e-02              2.4185241572e-01
              3.3000000000e-02              2.4807776477e-01
              3.4000000000e-02              2.5423122084e-01
              3.5000000000e-02              2.6031349928e-01
              3.6000000000e-02              2.6632530833e-01
              3.7000000000e-02              2.7226734916e-01
              3.8000000000e-02              2.7814031598e-01
              3.9000000000e-02              2.8394489610e-01
              4.0000000000e-02              2.8968176996e-01
              4.1000000000e-02              2.9535161126e-01
              4.2000000000e-02              3.0095508698e-01
              4.3000000000e-02              3.0649285747e-01
              4.4000000000e-02              3.1196557651e-01
              4.5000000000e-02              3.1737389138e-01
              4.6000000000e-02              3.2271844289e-01
              4.7000000000e-02              3.2799986551e-01
              4.8000000000e-02              3.3321878739e-01
              4.9000000000e-02              3.3837583041e-01
              5.0000000000e-02              3.4347161028e-01
              5.1000000000e-02              3.4850673658e-01
              5.2000000000e-02              3.5348181283e-01
              5.3000000000e-02              3.5839743652e-01
              5.4000000000e-02              3.6325419922e-01
              5.5000000000e-02              3.6805268662e-01
              5.6000000000e-02              3.7279347855e-01
              5.7000000000e-02              3.7747714910e-01
              5.8000000000e-02              3.8210426663e-01
              5.9000000000e-02              3.8667539386e-01
              6.0000000000e-02              3.9119108790e-01
              6.1000000000e-02              3.9565190032e-01
              6.2000000000e-02              4.0005837720e-01
              6.3000000000e-02              4.0441105919e-01
              6.4000000000e-02              4.0871048155e-01
              6.5000000000e-02              4.1295717423e-01
              6.6000000000e-02              4.1715166190e-01
              6.7000000000e-02              4.2129446401e-01
              6.8000000000e-02              4.2538609483e-01
              6.9000000000e-02              4.2942706353e-01
              7.0000000000e-02              4.3341787420e-01
              7.1000000000e-02              4.3735902593e-01
              7.2000000000e-02              4.4125101283e-01
              7.3000000000e-02              4.4509432410e-01
              7.4000000000e-02              4.4888944407e-01
              7.5000000000e-02              4.5263685225e-01
              7.6000000000e-02              4.5633702338e-01
              7.7000000000e-02              4.5999042748e-01
              7.8000000000e-02              4.6359752989e-01
              7.9000000000e-02              4.6715879131e-01
              8.0000000000e-02              4.7067466788e-01
              8.1000000000e-02              4.7414561117e-01
              8.2000000000e-02              4.7757206829e-01
              8.3000000000e-02              4.8095448187e-01
              8.4000000000e-02              4.8429329017e-01
              8.5000000000e-02              4.8758892705e-01
              8.6000000000e-02              4.9084182208e-01
              8.7000000000e-02              4.9405240055e-01
              8.8000000000e-02              4.9722108351e-01
              8.9000000000e-02              5.0034828784e-01
              9.0000000000e-02              5.0343442625e-01
              9.1000000000e-02              5.0647990736e-01
              9.2000000000e-02              5.0948513571e-01
              9.3000000000e-02              5.1245051182e-01
              9.4000000000e-02              5.1537643223e-01
              9.5000000000e-02              5.1826328954e-01
              9.6000000000e-02              5.2111147242e-01
              9.7000000000e-02              5.2392136569e-01
              9.8000000000e-02              5.2669335034e-01
              9.9000000000e-02              5.2942780357e-01
              1.0000000000e-01              5.3212509882e-01
              1.0100000000e-01              5.3478560582e-01
              1.0200000000e-01              5.3740969062e-01
              1.0300000000e-01              5.3999771562e-01
              1.0400000000e-01              5.4255003963e-01
              1.0500000000e-01              5.4506701788e-01
              1.0600000000e-01              5.4754900206e-01
              1.0700000000e-01              5.4999634037e-01
              1.0800000000e-01              5.5240937755e-01
              1.0900000000e-01              5.5478845489e-01
              1.1000000000e-01              5.5713391029e-01
              1.1100000000e-01              5.5944607832e-01
              1.1200000000e-01              5.6172529017e-01
              1.1300000000e-01              5.6397187377e-01
              1.1400000000e-01              5.6618615378e-01
              1.1500000000e-01              5.6836845161e-01
              1.1600000000e-01              5.7051908551e-01
              1.1700000000e-01              5.7263837053e-01
              1.1800000000e-01              5.7472661859e-01
              1.1900000000e-01              5.7678413852e-01
              1.2000000000e-01              5.7881123608e-01
              1.2100000000e-01              5.8080821396e-01
              1.2200000000e-01              5.8277537187e-01
              1.2300000000e-01              5.8471300651e-01
              1.2400000000e-01              5.8662141165e-01
              1.2500000000e-01              5.8850087813e-01
              1.2600000000e-01              5.9035169389e-01
              1.2700000000e-01              5.9217414401e-01
              1.2800000000e-01              5.9396851074e-01
              1.2900000000e-01              5.9573507350e-01
              1.3000000000e-01              5.9747410896e-01
              1.3100000000e-01              5.9918589101e-01
              1.3200000000e-01              6.0087069082e-01
              1.3300000000e-01              6.0252877689e-01
              1.3400000000e-01              6.0416041501e-01
              1.3500000000e-01              6.0576586834e-01
              1.3600000000e-01              6.0734539744e-01
              1.3700000000e-01              6.0889926024e-01
              1.3800000000e-01              6.1042771213e-01
              1.3900000000e-01              6.1193100596e-01
              1.4000000000e-01              6.1340939205e-01
              1.4100000000e-01              6.1486311824e-01
              1.4200000000e-01              6.1629242989e-01
              1.4300000000e-01              6.1769756995e-01
              1.4400000000e-01              6.1907877891e-01
              1.4500000000e-01              6.2043629490e-01
              1.4600000000e-01              6.2177035366e-01
              1.4700000000e-01              6.2308118860e-01
              1.4800000000e-01              6.2436903081e-01
              1.4900000000e-01              6.2563410905e-01
              1.5000000000e-01              6.2687664984e-01
              1.5100000000e-01              6.2809687743e-01
              1.5200000000e-01              6.2929501384e-01
              1.5300000000e-01              6.3047127887e-01
              1.5400000000e-01              6.3162589016e-01
              1.5500000000e-01              6.3275906316e-01
              1.5600000000e-01              6.3387101119e-01
              1.5700000000e-01              6.3496194543e-01
              1.5800000000e-01              6.3603207498e-01
              1.5900000000e-01              6.3708160685e-01
              1.6000000000e-01              6.3811074599e-01
              1.6100000000e-01              6.3911969531e-01
              1.6200000000e-01              6.4010865571e-01
              1.6300000000e-01              6.4107782606e-01
              1.6400000000e-01              6.4202740330e-01
              1.6500000000e-01              6.4295758237e-01
              1.6600000000e-01              6.4386855629e-01
              1.6700000000e-01              6.4476051615e-01
              1.6800000000e-01              6.4563365115e-01
              1.6900000000e-01              6.4648814860e-01
              1.7000000000e-01              6.4732419394e-01
              1.7100000000e-01              6.4814197077e-01
              1.7200000000e-01              6.4894166088e-01
              1.7300000000e-01              6.4972344422e-01
              1.7400000000e-01              6.5048749897e-01
              1.7500000000e-01              6.5123400154e-01
              1.7600000000e-01              6.5196312656e-01
              1.7700000000e-01              6.5267504696e-01
              1.7800000000e-01              6.5336993392e-01
              1.7900000000e-01              6.5404795692e-01
              1.8000000000e-01              6.5470928377e-01
              1.8100000000e-01              6.5535408058e-01
              1.8200000000e-01              6.5598251185e-01
              1.8300000000e-01              6.5659474041e-01
              1.8400000000e-01              6.5719092748e-01
              1.8500000000e-01              6.5777123267e-01
              1.8600000000e-01              6.5833581402e-01
              1.8700000000e-01              6.5888482797e-01
              1.8800000000e-01              6.5941842943e-01
              1.8900000000e-01              6.5993677175e-01
              1.9000000000e-01              6.6044000676e-01
              1.9100000000e-01              6.6092828479e-01
              1.9200000000e-01              6.6140175466e-01
              1.9300000000e-01              6.6186056370e-01
              1.9400000000e-01              6.6230485781e-01
              1.9500000000e-01              6.6273478140e-01
              1.9600000000e-01              6.6315047747e-01
              1.9700000000e-01              6.6355208757e-01
              1.9800000000e-01              6.6393975188e-01
              1.9900000000e-01              6.6431360914e-01
              2.0000000000e-01              6.6467379675e-01
              2.0100000000e-01              6.6502045072e-01
              2.0200000000e-01              6.6535370571e-01
              2.0300000000e-01              6.6567369504e-01
              2.0400000000e-01              6.6598055071e-01
              2.0500000000e-01              6.6627440340e-01
              2.0600000000e-01              6.6655538249e-01
              2.0700000000e-01              6.6682361608e-01
              2.0800000000e-01              6.6707923099e-01
              2.0900000000e-01              6.6732235277e-01
              2.1000000000e-01              6.6755310573e-01
              2.1100000000e-01              6.6777161295e-01
              2.1200000000e-01              6.6797799627e-01
              2.1300000000e-01              6.6817237633e-01
              2.1400000000e-01              6.6835487256e-01
              2.1500000000e-01              6.6852560321e-01
              2.1600000000e-01              6.6868468535e-01
              2.1700000000e-01              6.6883223487e-01
              2.1800000000e-01              6.6896836654e-01
              2.1900000000e-01              6.6909319397e-01
              2.2000000000e-01              6.6920682962e-01
              2.2100000000e-01              6.6930938487e-01
              2.2200000000e-01              6.6940096996e-01
              2.2300000000e-01              6.6948169405e-01
              2.2400000000e-01              6.6955166521e-01
              2.2500000000e-01              6.6961099042e-01
              2.2600000000e-01              6.6965977563e-01
              2.2700000000e-01              6.6969812570e-01
              2.2800000000e-01              6.6972614447e-01
              2.2900000000e-01              6.6974393473e-01
              2.3000000000e-01              6.6975159826e-01
              2.3100000000e-01              6.6974923582e-01
              2.3200000000e-01              6.6973694718e-01
              2.3300000000e-01              6.6971483109e-01
              2.3400000000e-01              6.6968298535e-01
              2.3500000000e-01              6.6964150677e-01
              2.3600000000e-01              6.6959049119e-01
              2.3700000000e-01              6.6953003351e-01
              2.3800000000e-01              6.6946022767e-01
              2.3900000000e-01              6.6938116671e-01
              2.4000000000e-01              6.6929294269e-01
              2.4100000000e-01              6.6919564681e-01
              2.4200000000e-01              6.6908936932e-01
              2.4300000000e-01              6.6897419960e-01
              2.4400000000e-01              6.6885022612e-01
              2.4500000000e-01              6.6871753648e-01
              2.4600000000e-01              6.6857621742e-01
              2.4700000000e-01              6.6842635478e-01
              2.4800000000e-01              6.6826803359e-01
              2.4900000000e-01              6.6810133801e-01
              2.5000000000e-01              6.6792635136e-01
              2.5100000000e-01              6.6774315614e-01
              2.5200000000e-01              6.6755183403e-01
              2.5300000000e-01              6.6735246590e-01
              2.5400000000e-01              6.6714513179e-01
              2.5500000000e-01              6.6692991098e-01
              2.5600000000e-01              6.6670688194e-01
              2.5700000000e-01              6.6647612236e-01
              2.5800000000e-01              6.6623770916e-01
              2.5900000000e-01              6.6599171850e-01
              2.6000000000e-01              6.6573822577e-01
              2.6100000000e-01              6.6547730562e-01
              2.6200000000e-01              6.6520903195e-01
              2.6300000000e-01              6.6493347794e-01
              2.6400000000e-01              6.6465071603e-01
              2.6500000000e-01              6.6436081792e-01
              2.6600000000e-01              6.6406385464e-01
              2.6700000000e-01              6.6375989647e-01
              2.6800000000e-01              6.6344901303e-01
              2.6900000000e-01              6.6313127321e-01
              2.7000000000e-01              6.6280674524e-01
              2.7100000000e-01              6.6247549667e-01
              2.7200000000e-01              6.6213759435e-01
              2.7300000000e-01              6.6179310451e-01
              2.7400000000e-01              6.6144209269e-01
              2.7500000000e-01              6.6108462377e-01
              2.7600000000e-01              6.6072076202e-01
              2.7700000000e-01              6.6035057104e-01
              2.7800000000e-01              6.5997411380e-01
              2.7900000000e-01              6.5959145267e-01
              2.8000000000e-01              6.5920264936e-01
              2.8100000000e-01              6.5880776499e-01
              2.8200000000e-01              6.5840686007e-01
              2.8300000000e-01              6.5799999451e-01
              2.8400000000e-01              6.5758722762e-01
              2.8500000000e-01              6.5716861811e-01
              2.8600000000e-01              6.5674422411e-01
              2.8700000000e-01              6.5631410320e-01
              2.8800000000e-01              6.5587831235e-01
              2.8900000000e-01              6.5543690797e-01
              2.9000000000e-01              6.5498994592e-01
              2.9100000000e-01              6.5453748151e-01
              2.9200000000e-01              6.5407956948e-01
              2.9300000000e-01              6.5361626403e-01
              2.9400000000e-01              6.5314761884e-01
              2.9500000000e-01              6.5267368703e-01
              2.9600000000e-01              6.5219452121e-01
              2.9700000000e-01              6.5171017345e-01
              2.9800000000e-01              6.5122069531e-01
              2.9900000000e-01              6.5072613786e-01
              3.0000000000e-01              6.5022655161e-01
              3.0100000000e-01              6.4972198662e-01
              3.0200000000e-01              6.4921249242e-01
              3.0300000000e-01              6.4869811805e-01
              3.0400000000e-01              6.4817891208e-01
              3.0500000000e-01              6.4765492259e-01
              3.0600000000e-01              6.4712619716e-01
              3.0700000000e-01              6.4659278292e-01
              3.0800000000e-01              6.4605472653e-01
              3.0900000000e-01              6.4551207417e-01
              3.1000000000e-01              6.4496487158e-01
              3.1100000000e-01              6.4441316404e-01
              3.1200000000e-01              6.4385699636e-01
              3.1300000000e-01              6.4329641293e-01
              3.1400000000e-01              6.4273145768e-01
              3.1500000000e-01              6.4216217411e-01
              3.1600000000e-01              6.4158860530e-01
              3.1700000000e-01              6.4101079387e-01
              3.1800000000e-01              6.4042878206e-01
              3.1900000000e-01              6.3984261164e-01
              3.2000000000e-01              6.3925232400e-01
              3.2100000000e-01              6.3865796011e-01
              3.2200000000e-01              6.3805956052e-01
              3.2300000000e-01              6.3745716539e-01
              3.2400000000e-01              6.3685081448e-01
              3.2500000000e-01              6.3624054715e-01
              3.2600000000e-01              6.3562640236e-01
              3.2700000000e-01              6.3500841870e-01
              3.2800000000e-01              6.3438663437e-01
              3.2900000000e-01              6.3376108718e-01
              3.3000000000e-01              6.3313181458e-01
              3.3100000000e-01              6.3249885362e-01
              3.3200000000e-01              6.3186224102e-01
              3.3300000000e-01              6.3122201311e-01
              3.3400000000e-01              6.3057820585e-01
              3.3500000000e-01              6.2993085488e-01
              3.3600000000e-01              6.2927999543e-01
              3.3700000000e-01              6.2862566243e-01
              3.3800000000e-01              6.2796789044e-01
              3.3900000000e-01              6.2730671368e-01
              3.4000000000e-01              6.2664216602e-01
              3.4100000000e-01              6.2597428100e-01
              3.4200000000e-01              6.2530309184e-01
              3.4300000000e-01              6.2462863140e-01
              3.4400000000e-01              6.2395093225e-01
              3.4500000000e-01              6.2327002660e-01
              3.4600000000e-01              6.2258594636e-01
              3.4700000000e-01              6.2189872311e-01
              3.4800000000e-01              6.2120838814e-01
              3.4900000000e-01              6.2051497240e-01
              3.5000000000e-01              6.1981850655e-01
              3.5100000000e-01              6.1911902094e-01
              3.5200000000e-01              6.1841654561e-01
              3.5300000000e-01              6.1771111031e-01
              3.5400000000e-01              6.1700274449e-01
              3.5500000000e-01              6.1629147732e-01
              3.5600000000e-01              6.1557733766e-01
              3.5700000000e-01              6.1486035409e-01
              3.5800000000e-01              6.1414055492e-01
              3.5900000000e-01              6.1341796815e-01
              3.6000000000e-01              6.1269262153e-01
              3.6100000000e-01              6.1196454251e-01
              3.6200000000e-01              6.1123375828e-01
              3.6300000000e-01              6.1050029577e-01
              3.6400000000e-01              6.0976418161e-01
              3.6500000000e-01              6.0902544220e-01
              3.6600000000e-01              6.0828410365e-01
              3.6700000000e-01              6.0754019183e-01
              3.6800000000e-01              6.0679373234e-01
              3.6900000000e-01              6.0604475053e-01
              3.7000000000e-01              6.0529327150e-01
              3.7100000000e-01              6.0453932010e-01
              3.7200000000e-01              6.0378292093e-01
              3.7300000000e-01              6.0302409834e-01
              3.7400000000e-01              6.0226287644e-01
              3.7500000000e-01              6.0149927912e-01
              3.7600000000e-01              6.0073333000e-01
              3.7700000000e-01              5.9996505249e-01
              3.7800000000e-01              5.9919446975e-01
              3.7900000000e-01              5.9842160472e-01
              3.8000000000e-01              5.9764648012e-01
              3.8100000000e-01              5.9686911842e-01
              3.8200000000e-01              5.9608954188e-01
              3.8300000000e-01              5.9530777254e-01
              3.8400000000e-01              5.9452383223e-01
              3.8500000000e-01              5.9373774253e-01
              3.8600000000e-01              5.9294952485e-01
              3.8700000000e-01              5.9215920035e-01
              3.8800000000e-01              5.9136678999e-01
              3.8900000000e-01              5.9057231453e-01
              3.9000000000e-01              5.8977579453e-01
              3.9100000000e-01              5.8897725031e-01
              3.9200000000e-01              5.8817670203e-01
              3.9300000000e-01              5.8737416962e-01
              3.9400000000e-01              5.8656967283e-01
              3.9500000000e-01              5.8576323120e-01
              3.9600000000e-01              5.8495486408e-01
              3.9700000000e-01              5.8414459064e-01
              3.9800000000e-01              5.8333242983e-01
              3.9900000000e-01              5.8251840045e-01
              4.0000000000e-01              5.8170252108e-01
              4.0100000000e-01              5.8088481014e-01
              4.0200000000e-01              5.8006528583e-01
              4.0300000000e-01              5.7924396622e-01
              4.0400000000e-01              5.7842086916e-01
              4.0500000000e-01              5.7759601233e-01
              4.0600000000e-01              5.7676941326e-01
              4.0700000000e-01              5.7594108926e-01
              4.0800000000e-01              5.7511105752e-01
              4.0900000000e-01              5.7427933501e-01
              4.1000000000e-01              5.7344593857e-01
              4.1100000000e-01              5.7261088484e-01
              4.1200000000e-01              5.7177419033e-01
              4.1300000000e-01              5.7093587135e-01
              4.1400000000e-01              5.7009594407e-01
              4.1500000000e-01              5.6925442449e-01
              4.1600000000e-01              5.6841132845e-01
              4.1700000000e-01              5.6756667165e-01
              4.1800000000e-01              5.6672046960e-01
              4.1900000000e-01              5.6587273770e-01
              4.2000000000e-01              5.6502349115e-01
              4.2100000000e-01              5.6417274503e-01
              4.2200000000e-01              5.6332051427e-01
              4.2300000000e-01              5.6246681362e-01
              4.2400000000e-01              5.6161165773e-01
              4.2500000000e-01              5.6075506106e-01
              4.2600000000e-01              5.5989703796e-01
              4.2700000000e-01              5.5903760262e-01
              4.2800000000e-01              5.5817676908e-01
              4.2900000000e-01              5.5731455127e-01
              4.3000000000e-01              5.5645096296e-01
              4.3100000000e-01              5.5558601778e-01
              4.3200000000e-01              5.5471972923e-01
              4.3300000000e-01              5.5385211068e-01
              4.3400000000e-01              5.5298317537e-01
              4.3500000000e-01              5.5211293639e-01
              4.3600000000e-01              5.5124140672e-01
              4.3700000000e-01              5.5036859920e-01
              4.3800000000e-01              5.4949452655e-01
              4.3900000000e-01              5.4861920135e-01
              4.4000000000e-01              5.4774263607e-01
              4.4100000000e-01              5.4686484304e-01
              4.4200000000e-01              5.4598583448e-01
              4.4300000000e-01              5.4510562250e-01
              4.4400000000e-01              5.4422421905e-01
              4.4500000000e-01              5.4334163600e-01
              4.4600000000e-01              5.4245788508e-01
              4.4700000000e-01              5.4157297792e-01
              4.4800000000e-01              5.4068692601e-01
              4.4900000000e-01              5.3979974076e-01
              4.5000000000e-01              5.3891143343e-01
              4.5100000000e-01              5.3802201519e-01
              4.5200000000e-01              5.3713149710e-01
              4.5300000000e-01              5.3623989010e-01
              4.5400000000e-01              5.3534720501e-01
              4.5500000000e-01              5.3445345258e-01
              4.5600000000e-01              5.3355864342e-01
              4.5700000000e-01              5.3266278805e-01
              4.5800000000e-01              5.3176589687e-01
              4.5900000000e-01              5.3086798019e-01
              4.6000000000e-01              5.2996904822e-01
              4.6100000000e-01              5.2906911106e-01
              4.6200000000e-01              5.2816817871e-01
              4.6300000000e-01              5.2726626107e-01
              4.6400000000e-01              5.2636336794e-01
              4.6500000000e-01              5.2545950904e-01
              4.6600000000e-01              5.2455469397e-01
              4.6700000000e-01              5.2364893224e-01
              4.6800000000e-01              5.2274223328e-01
              4.6900000000e-01              5.2183460641e-01
              4.7000000000e-01              5.2092606087e-01
              4.7100000000e-01              5.2001660578e-01
              4.7200000000e-01              5.1910625022e-01
              4.7300000000e-01              5.1819500313e-01
              4.7400000000e-01              5.1728287338e-01
              4.7500000000e-01              5.1636986976e-01
              4.7600000000e-01              5.1545600097e-01
              4.7700000000e-01              5.1454127561e-01
              4.7800000000e-01              5.1362570220e-01
              4.7900000000e-01              5.1270928918e-01
              4.8000000000e-01              5.1179204492e-01
              4.8100000000e-01              5.1087397767e-01
              4.8200000000e-01              5.0995509563e-01
              4.8300000000e-01              5.0903540690e-01
              4.8400000000e-01              5.0811491951e-01
              4.8500000000e-01              5.0719364142e-01
              4.8600000000e-01              5.0627158047e-01
              4.8700000000e-01              5.0534874448e-01
              4.8800000000e-01              5.0442514114e-01
              4.8900000000e-01              5.0350077809e-01
              4.9000000000e-01              5.0257566289e-01
              4.9100000000e-01              5.0164980303e-01
              4.9200000000e-01              5.0072320592e-01
              4.9300000000e-01              4.9979587888e-01
              4.9400000000e-01              4.9886782919e-01
              4.9500000000e-01              4.9793906404e-01
              4.9600000000e-01              4.9700959053e-01
              4.9700000000e-01              4.9607941573e-01
              4.9800000000e-01              4.9514854661e-01
              4.9900000000e-01              4.9421699007e-01
              5.0000000000e-01              4.9328475297e-01
              5.0100000000e-01              4.9235184206e-01
              5.0200000000e-01              4.9141826406e-01
              5.0300000000e-01              4.9048402559e-01
              5.0400000000e-01              4.8954913325e-01
              5.0500000000e-01              4.8861359352e-01
              5.0600000000e-01              4.8767741285e-01
              5.0700000000e-01              4.8674059762e-01
              5.0800000000e-01              4.8580315415e-01
              5.0900000000e-01              4.8486508868e-01
              5.1000000000e-01              4.8392640740e-01
              5.1100000000e-01              4.8298711644e-01
              5.1200000000e-01              4.8204722187e-01
              5.1300000000e-01              4.8110672969e-01
              5.1400000000e-01              4.8016564585e-01
              5.1500000000e-01              4.7922397624e-01
              5.1600000000e-01              4.7828172668e-01
              5.1700000000e-01              4.7733890294e-01
              5.1800000000e-01              4.7639551075e-01
              5.1900000000e-01              4.7545155575e-01
              5.2000000000e-01              4.7450704354e-01
              5.2100000000e-01              4.7356197968e-01
              5.2200000000e-01              4.7261636964e-01
              5.2300000000e-01              4.7167021886e-01
              5.2400000000e-01              4.7072353273e-01
              5.2500000000e-01              4.6977631656e-01
              5.2600000000e-01              4.6882857564e-01
              5.2700000000e-01              4.6788031519e-01
              5.2800000000e-01              4.6693154037e-01
              5.2900000000e-01              4.6598225630e-01
              5.3000000000e-01              4.6503246806e-01
              5.3100000000e-01              4.6408218065e-01
              5.3200000000e-01              4.6313139904e-01
              5.3300000000e-01              4.6218012815e-01
              5.3400000000e-01              4.6122837285e-01
              5.3500000000e-01              4.6027613796e-01
              5.3600000000e-01              4.5932342825e-01
              5.3700000000e-01              4.5837024845e-01
              5.3800000000e-01              4.5741660323e-01
              5.3900000000e-01              4.5646249723e-01
              5.4000000000e-01              4.5550793502e-01
              5.4100000000e-01              4.5455292115e-01
              5.4200000000e-01              4.5359746011e-01
              5.4300000000e-01              4.5264155636e-01
              5.4400000000e-01              4.5168521429e-01
              5.4500000000e-01              4.5072843827e-01
              5.4600000000e-01              4.4977123262e-01
              5.4700000000e-01              4.4881360160e-01
              5.4800000000e-01              4.4785554946e-01
              5.4900000000e-01              4.4689708039e-01
              5.5000000000e-01              4.4593819852e-01
              5.5100000000e-01              4.4497890798e-01
              5.5200000000e-01              4.4401921282e-01
              5.5300000000e-01              4.4305911707e-01
              5.5400000000e-01              4.4209862472e-01
              5.5500000000e-01              4.4113773972e-01
              5.5600000000e-01              4.4017646596e-01
              5.5700000000e-01              4.3921480733e-01
              5.5800000000e-01              4.3825276764e-01
              5.5900000000e-01              4.3729035070e-01
              5.6000000000e-01              4.3632756024e-01
              5.6100000000e-01              4.3536440000e-01
              5.6200000000e-01              4.3440087365e-01
              5.6300000000e-01              4.3343698483e-01
              5.6400000000e-01              4.3247273715e-01
              5.6500000000e-01              4.3150813419e-01
              5.6600000000e-01              4.3054317946e-01
              5.6700000000e-01              4.2957787648e-01
              5.6800000000e-01              4.2861222872e-01
              5.6900000000e-01              4.2764623959e-01
              5.7000000000e-01              4.2667991250e-01
              5.7100000000e-01              4.2571325081e-01
              5.7200000000e-01              4.2474625786e-01
              5.7300000000e-01              4.2377893693e-01
              5.7400000000e-01              4.2281129128e-01
              5.7500000000e-01              4.2184332416e-01
              5.7600000000e-01              4.2087503876e-01
              5.7700000000e-01              4.1990643825e-01
              5.7800000000e-01              4.1893752575e-01
              5.7900000000e-01              4.1796830438e-01
              5.8000000000e-01              4.1699877721e-01
              5.8100000000e-01              4.1602894729e-01
              5.8200000000e-01              4.1505881761e-01
              5.8300000000e-01              4.1408839118e-01
              5.8400000000e-01              4.1311767093e-01
              5.8500000000e-01              4.1214665980e-01
              5.8600000000e-01              4.1117536068e-01
              5.8700000000e-01              4.1020377642e-01
              5.8800000000e-01              4.0923190988e-01
              5.8900000000e-01              4.0825976386e-01
              5.9000000000e-01              4.0728734114e-01
              5.9100000000e-01              4.0631464447e-01
              5.9200000000e-01              4.0534167658e-01
              5.9300000000e-01              4.0436844017e-01
              5.9400000000e-01              4.0339493791e-01
              5.9500000000e-01              4.0242117244e-01
              5.9600000000e-01              4.0144714639e-01
              5.9700000000e-01              4.0047286234e-01
              5.9800000000e-01              3.9949832287e-01
              5.9900000000e-01              3.9852353051e-01
              6.0000000000e-01              3.9754848778e-01
              6.0100000000e-01              3.9657319718e-01
              6.0200000000e-01              3.9559766116e-01
              6.0300000000e-01              3.9462188218e-01
              6.0400000000e-01              3.9364586264e-01
              6.0500000000e-01              3.9266960495e-01
              6.0600000000e-01              3.9169311147e-01
              6.0700000000e-01              3.9071638455e-01
              6.0800000000e-01              3.8973942650e-01
              6.0900000000e-01              3.8876223964e-01
              6.1000000000e-01              3.8778482624e-01
              6.1100000000e-01              3.8680718854e-01
              6.1200000000e-01              3.8582932879e-01
              6.1300000000e-01              3.8485124920e-01
              6.1400000000e-01              3.8387295194e-01
              6.1500000000e-01              3.8289443919e-01
              6.1600000000e-01              3.8191571309e-01
              6.1700000000e-01              3.8093677576e-01
              6.1800000000e-01              3.7995762930e-01
              6.1900000000e-01              3.7897827580e-01
              6.2000000000e-01              3.7799871732e-01
              6.2100000000e-01              3.7701895589e-01
              6.2200000000e-01              3.7603899354e-01
              6.2300000000e-01              3.7505883226e-01
              6.2400000000e-01              3.7407847403e-01
              6.2500000000e-01              3.7309792082e-01
              6.2600000000e-01              3.7211717456e-01
              6.2700000000e-01              3.7113623717e-01
              6.2800000000e-01              3.7015511056e-01
              6.2900000000e-01              3.6917379661e-01
              6.3000000000e-01              3.6819229718e-01
              6.3100000000e-01              3.6721061412e-01
              6.3200000000e-01              3.6622874925e-01
              6.3300000000e-01              3.6524670439e-01
              6.3400000000e-01              3.6426448132e-01
              6.3500000000e-01              3.6328208182e-01
              6.3600000000e-01              3.6229950764e-01
              6.3700000000e-01              3.6131676053e-01
              6.3800000000e-01              3.6033384220e-01
              6.3900000000e-01              3.5935075435e-01
              6.4000000000e-01              3.5836749868e-01
              6.4100000000e-01              3.5738407685e-01
              6.4200000000e-01              3.5640049052e-01
              6.4300000000e-01              3.5541674132e-01
              6.4400000000e-01              3.5443283087e-01
              6.4500000000e-01              3.5344876079e-01
              6.4600000000e-01              3.5246453264e-01
              6.4700000000e-01              3.5148014802e-01
              6.4800000000e-01              3.5049560848e-01
              6.4900000000e-01              3.4951091555e-01
              6.5000000000e-01              3.4852607076e-01
              6.5100000000e-01              3.4754107563e-01
              6.5200000000e-01              3.4655593165e-01
              6.5300000000e-01              3.4557064030e-01
              6.5400000000e-01              3.4458520306e-01
              6.5500000000e-01              3.4359962136e-01
              6.5600000000e-01              3.4261389664e-01
              6.5700000000e-01              3.4162803034e-01
              6.5800000000e-01              3.4064202386e-01
              6.5900000000e-01              3.3965587859e-01
              6.6000000000e-01              3.3866959592e-01
              6.6100000000e-01              3.3768317720e-01
              6.6200000000e-01              3.3669662381e-01
              6.6300000000e-01              3.3570993707e-01
              6.6400000000e-01              3.3472311831e-01
              6.6500000000e-01              3.3373616885e-01
              6.6600000000e-01              3.3274908998e-01
              6.6700000000e-01              3.3176188300e-01
              6.6800000000e-01              3.3077454918e-01
              6.6900000000e-01              3.2978708978e-01
              6.7000000000e-01              3.2879950605e-01
              6.7100000000e-01              3.2781179923e-01
              6.7200000000e-01              3.2682397054e-01
              6.7300000000e-01              3.2583602119e-01
              6.7400000000e-01              3.2484795240e-01
              6.7500000000e-01              3.2385976533e-01
              6.7600000000e-01              3.2287146118e-01
              6.7700000000e-01              3.2188304110e-01
              6.7800000000e-01              3.2089450625e-01
              6.7900000000e-01              3.1990585778e-01
              6.8000000000e-01              3.1891709680e-01
              6.8100000000e-01              3.1792822445e-01
              6.8200000000e-01              3.1693924183e-01
              6.8300000000e-01              3.1595015003e-01
              6.8400000000e-01              3.1496095015e-01
              6.8500000000e-01              3.1397164326e-01
              6.8600000000e-01              3.1298223042e-01
              6.8700000000e-01              3.1199271269e-01
              6.8800000000e-01              3.1100309111e-01
              6.8900000000e-01              3.1001336671e-01
              6.9000000000e-01              3.0902354052e-01
              6.9100000000e-01              3.0803361355e-01
              6.9200000000e-01              3.0704358681e-01
              6.9300000000e-01              3.0605346128e-01
              6.9400000000e-01              3.0506323795e-01
              6.9500000000e-01              3.0407291780e-01
              6.9600000000e-01              3.0308250178e-01
              6.9700000000e-01              3.0209199085e-01
              6.9800000000e-01              3.0110138595e-01
              6.9900000000e-01              3.0011068802e-01
              7.0000000000e-01              2.9911989799e-01
              7.0100000000e-01              2.9812901676e-01
              7.0200000000e-01              2.9713804526e-01
              7.0300000000e-01              2.9614698437e-01
              7.0400000000e-01              2.9515583499e-01
              7.0500000000e-01              2.9416459799e-01
              7.0600000000e-01              2.9317327426e-01
              7.0700000000e-01              2.9218186464e-01
              7.0800000000e-01              2.9119037000e-01
              7.0900000000e-01              2.9019879118e-01
              7.1000000000e-01              2.8920712903e-01
              7.1100000000e-01              2.8821538436e-01
              7.1200000000e-01              2.8722355800e-01
              7.1300000000e-01              2.8623165076e-01
              7.1400000000e-01              2.8523966345e-01
              7.1500000000e-01              2.8424759687e-01
              7.1600000000e-01              2.8325545180e-01
              7.1700000000e-01              2.8226322902e-01
              7.1800000000e-01              2.8127092931e-01
              7.1900000000e-01              2.8027855343e-01
              7.2000000000e-01              2.7928610214e-01
              7.2100000000e-01              2.7829357619e-01
              7.2200000000e-01              2.7730097633e-01
              7.2300000000e-01              2.7630830329e-01
              7.2400000000e-01              2.7531555779e-01
              7.2500000000e-01              2.7432274056e-01
              7.2600000000e-01              2.7332985231e-01
              7.2700000000e-01              2.7233689376e-01
              7.2800000000e-01              2.7134386559e-01
              7.2900000000e-01              2.7035076850e-01
              7.3000000000e-01              2.6935760317e-01
              7.3100000000e-01              2.6836437030e-01
              7.3200000000e-01              2.6737107054e-01
              7.3300000000e-01              2.6637770456e-01
              7.3400000000e-01              2.6538427303e-01
              7.3500000000e-01              2.6439077659e-01
              7.3600000000e-01              2.6339721589e-01
              7.3700000000e-01              2.6240359157e-01
              7.3800000000e-01              2.6140990426e-01
              7.3900000000e-01              2.6041615459e-01
              7.4000000000e-01              2.5942234319e-01
              7.4100000000e-01              2.5842847065e-01
              7.4200000000e-01              2.5743453760e-01
              7.4300000000e-01              2.5644054464e-01
              7.4400000000e-01              2.5544649235e-01
              7.4500000000e-01              2.5445238134e-01
              7.4600000000e-01              2.5345821218e-01
              7.4700000000e-01              2.5246398545e-01
              7.4800000000e-01              2.5146970173e-01
              7.4900000000e-01              2.5047536159e-01
              7.5000000000e-01              2.4948096558e-01
              7.5100000000e-01              2.4848651426e-01
              7.5200000000e-01              2.4749200818e-01
              7.5300000000e-01              2.4649744789e-01
              7.5400000000e-01              2.4550283393e-01
              7.5500000000e-01              2.4450816682e-01
              7.5600000000e-01              2.4351344710e-01
              7.5700000000e-01              2.4251867530e-01
              7.5800000000e-01              2.4152385192e-01
              7.5900000000e-01              2.4052897749e-01
              7.6000000000e-01              2.3953405251e-01
              7.6100000000e-01              2.3853907749e-01
              7.6200000000e-01              2.3754405292e-01
              7.6300000000e-01              2.3654897929e-01
              7.6400000000e-01              2.3555385709e-01
              7.6500000000e-01              2.3455868682e-01
              7.6600000000e-01              2.3356346894e-01
              7.6700000000e-01              2.3256820392e-01
              7.6800000000e-01              2.3157289225e-01
              7.6900000000e-01              2.3057753437e-01
              7.7000000000e-01              2.2958213076e-01
              7.7100000000e-01              2.2858668187e-01
              7.7200000000e-01              2.2759118814e-01
              7.7300000000e-01              2.2659565003e-01
              7.7400000000e-01              2.2560006797e-01
              7.7500000000e-01              2.2460444240e-01
              7.7600000000e-01              2.2360877376e-01
              7.7700000000e-01              2.2261306248e-01
              7.7800000000e-01              2.2161730897e-01
              7.7900000000e-01              2.2062151366e-01
              7.8000000000e-01              2.1962567697e-01
              7.8100000000e-01              2.1862979930e-01
              7.8200000000e-01              2.1763388106e-01
              7.8300000000e-01              2.1663792266e-01
              7.8400000000e-01              2.1564192450e-01
              7.8500000000e-01              2.1464588698e-01
              7.8600000000e-01              2.1364981047e-01
              7.8700000000e-01              2.1265369538e-01
              7.8800000000e-01              2.1165754209e-01
              7.8900000000e-01              2.1066135097e-01
              7.9000000000e-01              2.0966512240e-01
              7.9100000000e-01              2.0866885676e-01
              7.9200000000e-01              2.0767255442e-01
              7.9300000000e-01              2.0667621573e-01
              7.9400000000e-01              2.0567984107e-01
              7.9500000000e-01              2.0468343078e-01
              7.9600000000e-01              2.0368698523e-01
              7.9700000000e-01              2.0269050476e-01
              7.9800000000e-01              2.0169398972e-01
              7.9900000000e-01              2.0069744046e-01
              8.0000000000e-01              1.9970085732e-01
              8.0100000000e-01              1.9870424062e-01
              8.0200000000e-01              1.9770759072e-01
              8.0300000000e-01              1.9671090793e-01
              8.0400000000e-01              1.9571419259e-01
              8.0500000000e-01              1.9471744502e-01
              8.0600000000e-01              1.9372066554e-01
              8.0700000000e-01              1.9272385446e-01
              8.0800000000e-01              1.9172701211e-01
              8.0900000000e-01              1.9073013879e-01
              8.1000000000e-01              1.8973323481e-01
              8.1100000000e-01              1.8873630047e-01
              8.1200000000e-01              1.8773933608e-01
              8.1300000000e-01              1.8674234194e-01
              8.1400000000e-01              1.8574531834e-01
              8.1500000000e-01              1.8474826558e-01
              8.1600000000e-01              1.8375118395e-01
              8.1700000000e-01              1.8275407373e-01
              8.1800000000e-01              1.8175693520e-01
              8.1900000000e-01              1.8075976866e-01
              8.2000000000e-01              1.7976257437e-01
              8.2100000000e-01              1.7876535262e-01
              8.2200000000e-01              1.7776810368e-01
              8.2300000000e-01              1.7677082781e-01
              8.2400000000e-01              1.7577352529e-01
              8.2500000000e-01              1.7477619638e-01
              8.2600000000e-01              1.7377884135e-01
              8.2700000000e-01              1.7278146045e-01
              8.2800000000e-01              1.7178405394e-01
              8.2900000000e-01              1.7078662208e-01
              8.3000000000e-01              1.6978916511e-01
              8.3100000000e-01              1.6879168330e-01
              8.3200000000e-01              1.6779417688e-01
              8.3300000000e-01              1.6679664610e-01
              8.3400000000e-01              1.6579909120e-01
              8.3500000000e-01              1.6480151242e-01
              8.3600000000e-01              1.6380391001e-01
              8.3700000000e-01              1.6280628419e-01
              8.3800000000e-01              1.6180863520e-01
              8.3900000000e-01              1.6081096326e-01
              8.4000000000e-01              1.5981326862e-01
              8.4100000000e-01              1.5881555148e-01
              8.4200000000e-01              1.5781781209e-01
              8.4300000000e-01              1.5682005065e-01
              8.4400000000e-01              1.5582226739e-01
              8.4500000000e-01              1.5482446253e-01
              8.4600000000e-01              1.5382663627e-01
              8.4700000000e-01              1.5282878884e-01
              8.4800000000e-01              1.5183092044e-01
              8.4900000000e-01              1.5083303128e-01
              8.5000000000e-01              1.4983512157e-01
              8.5100000000e-01              1.4883719152e-01
              8.5200000000e-01              1.4783924131e-01
              8.5300000000e-01              1.4684127117e-01
              8.5400000000e-01              1.4584328128e-01
              8.5500000000e-01              1.4484527184e-01
              8.5600000000e-01              1.4384724305e-01
              8.5700000000e-01              1.4284919509e-01
              8.5800000000e-01              1.4185112816e-01
              8.5900000000e-01              1.4085304245e-01
              8.6000000000e-01              1.3985493815e-01
              8.6100000000e-01              1.3885681543e-01
              8.6200000000e-01              1.3785867448e-01
              8.6300000000e-01              1.3686051549e-01
              8.6400000000e-01              1.3586233864e-01
              8.6500000000e-01              1.3486414409e-01
              8.6600000000e-01              1.3386593203e-01
              8.6700000000e-01              1.3286770263e-01
              8.6800000000e-01              1.3186945607e-01
              8.6900000000e-01              1.3087119251e-01
              8.7000000000e-01              1.2987291213e-01
              8.7100000000e-01              1.2887461508e-01
              8.7200000000e-01              1.2787630155e-01
              8.7300000000e-01              1.2687797168e-01
              8.7400000000e-01              1.2587962565e-01
              8.7500000000e-01              1.2488126361e-01
              8.7600000000e-01              1.2388288573e-01
              8.7700000000e-01              1.2288449216e-01
              8.7800000000e-01              1.2188608305e-01
              8.7900000000e-01              1.2088765857e-01
              8.8000000000e-01              1.1988921886e-01
              8.8100000000e-01              1.1889076408e-01
              8.8200000000e-01              1.1789229438e-01
              8.8300000000e-01              1.1689380990e-01
              8.8400000000e-01              1.1589531079e-01
              8.8500000000e-01              1.1489679720e-01
              8.8600000000e-01              1.1389826927e-01
              8.8700000000e-01              1.1289972715e-01
              8.8800000000e-01              1.1190117097e-01
              8.8900000000e-01              1.1090260088e-01
              8.9000000000e-01              1.0990401701e-01
              8.9100000000e-01              1.0890541950e-01
              8.9200000000e-01              1.0790680849e-01
              8.9300000000e-01              1.0690818411e-01
              8.9400000000e-01              1.0590954650e-01
              8.9500000000e-01              1.0491089578e-01
              8.9600000000e-01              1.0391223208e-01
              8.9700000000e-01              1.0291355554e-01
              8.9800000000e-01              1.0191486629e-01
              8.9900000000e-01              1.0091616444e-01
              9.0000000000e-01              9.9917450133e-02
              9.0100000000e-01              9.8918723481e-02
              9.0200000000e-01              9.7919984610e-02
              9.0300000000e-01              9.6921233643e-02
              9.0400000000e-01              9.5922470700e-02
              9.0500000000e-01              9.4923695900e-02
              9.0600000000e-01              9.3924909360e-02
              9.0700000000e-01              9.2926111198e-02
              9.0800000000e-01              9.1927301529e-02
              9.0900000000e-01              9.0928480468e-02
              9.1000000000e-01              8.9929648128e-02
              9.1100000000e-01              8.8930804621e-02
              9.1200000000e-01              8.7931950059e-02
              9.1300000000e-01              8.6933084551e-02
              9.1400000000e-01              8.5934208206e-02
              9.1500000000e-01              8.4935321133e-02
              9.1600000000e-01              8.3936423438e-02
              9.1700000000e-01              8.2937515226e-02
              9.1800000000e-01              8.1938596602e-02
              9.1900000000e-01              8.0939667671e-02
              9.2000000000e-01              7.9940728534e-02
              9.2100000000e-01              7.8941779292e-02
              9.2200000000e-01              7.7942820048e-02
              9.2300000000e-01              7.6943850899e-02
              9.2400000000e-01              7.5944871945e-02
              9.2500000000e-01              7.4945883283e-02
              9.2600000000e-01              7.3946885010e-02
              9.2700000000e-01              7.2947877221e-02
              9.2800000000e-01              7.1948860011e-02
              9.2900000000e-01              7.0949833474e-02
              9.3000000000e-01              6.9950797703e-02
              9.3100000000e-01              6.8951752789e-02
              9.3200000000e-01              6.7952698824e-02
              9.3300000000e-01              6.6953635897e-02
              9.3400000000e-01              6.5954564098e-02
              9.3500000000e-01              6.4955483515e-02
              9.3600000000e-01              6.3956394236e-02
              9.3700000000e-01              6.2957296346e-02
              9.3800000000e-01              6.1958189932e-02
              9.3900000000e-01              6.0959075078e-02
              9.4000000000e-01              5.9959951868e-02
              9.4100000000e-01              5.8960820387e-02
              9.4200000000e-01              5.7961680715e-02
              9.4300000000e-01              5.6962532934e-02
              9.4400000000e-01              5.5963377125e-02
              9.4500000000e-01              5.4964213368e-02
              9.4600000000e-01              5.3965041743e-02
              9.4700000000e-01              5.2965862326e-02
              9.4800000000e-01              5.1966675196e-02
              9.4900000000e-01              5.0967480430e-02
              9.5000000000e-01              4.9968278103e-02
              9.5100000000e-01              4.8969068291e-02
              9.5200000000e-01              4.7969851069e-02
              9.5300000000e-01              4.6970626509e-02
              9.5400000000e-01              4.5971394685e-02
              9.5500000000e-01              4.4972155670e-02
              9.5600000000e-01              4.3972909534e-02
              9.5700000000e-01              4.2973656349e-02
              9.5800000000e-01              4.1974396185e-02
              9.5900000000e-01              4.0975129111e-02
              9.6000000000e-01              3.9975855196e-02
              9.6100000000e-01              3.8976574508e-02
              9.6200000000e-01              3.7977287115e-02
              9.6300000000e-01              3.6977993083e-02
              9.6400000000e-01              3.5978692478e-02
              9.6500000000e-01              3.4979385365e-02
              9.6600000000e-01              3.3980071810e-02
              9.6700000000e-01              3.2980751877e-02
              9.6800000000e-01              3.1981425628e-02
              9.6900000000e-01              3.0982093128e-02
              9.7000000000e-01              2.9982754437e-02
              9.7100000000e-01              2.8983409618e-02
              9.7200000000e-01              2.7984058731e-02
              9.7300000000e-01              2.6984701838e-02
              9.7400000000e-01              2.5985338997e-02
              9.7500000000e-01              2.4985970268e-02
              9.7600000000e-01              2.3986595709e-02
              9.7700000000e-01              2.2987215379e-02
              9.7800000000e-01              2.1987829335e-02
              9.7900000000e-01              2.0988437634e-02
              9.8000000000e-01              1.9989040332e-02
              9.8100000000e-01              1.8989637484e-02
              9.8200000000e-01              1.7990229147e-02
              9.8300000000e-01              1.6990815374e-02
              9.8400000000e-01              1.5991396220e-02
              9.8500000000e-01              1.4991971738e-02
              9.8600000000e-01              1.3992541981e-02
              9.8700000000e-01              1.2993107002e-02
              9.8800000000e-01              1.1993666853e-02
              9.8900000000e-01              1.0994221585e-02
              9.9000000000e-01              9.9947712484e-03
              9.9100000000e-01              8.9953158948e-03
              9.9200000000e-01              7.9958555735e-03
              9.9300000000e-01              6.9963903342e-03
              9.9400000000e-01              5.9969202256e-03
              9.9500000000e-01              4.9974452962e-03
              9.9600000000e-01              3.9979655940e-03
              9.9700000000e-01              2.9984811665e-03
              9.9800000000e-01              1.9989920607e-03
              9.9900000000e-01              9.9949832319e-04
              1.0000000000e+00              5.8885730493e-18
